success  collision  collision_obst   makespan   flowtime    runtime     number
      1          0               0        142        303      0.087          5
      1          0               0         65        123      0.041          5
      1          0               0        136        315      0.080          5
      1          0               0        159        535      0.122          5
      1          0               0        140        348      0.090          5
      1          0               0        123        245      0.078          5
      1          0               0        176        280      0.110          5
      1          0               0         95        283      0.061          5
      1          0               0         81        243      0.052          5
      1          0               0        216        516      0.138          5
      1          0               0        238        671      0.152          5
      1          0               0        226        631      0.144          5
      1          0               0        200        410      0.125          5
      1          0               0         56        136      0.036          5
      1          0               0        233        547      0.150          5
      1          0               0        159        327      0.102          5
      1          0               0         98        186      0.063          5
      1          0               0        125        232      0.079          5
      1          0               0        116        206      0.077          5
      1          0               0        206        617      0.133          5
      1          0               0        124        487      0.079          5
      1          0               0         84        199      0.054          5
      1          0               0        128        236      0.083          5
      1          0               0        134        272      0.085          5
      1          0               0         88        261      0.058          5
      1          0               0         28         87      0.018          5
      1          0               0        139        380      0.093          5
      1          0               0         18         53      0.014          5
      1          0               0         49        134      0.034          5
      1          0               0         83        193      0.054          5
      1          0               0        107        209      0.068          5
      1          0               0        235        336      0.148          5
      1          0               0         23         79      0.015          5
      1          0               0        198        336      0.127          5
      1          0               0         62        127      0.040          5
      1          0               0        169        472      0.109          5
      1          0               0        156        500      0.101          5
      1          0               0         77        210      0.051          5
      1          0               0        111        360      0.072          5
      1          0               0        137        335      0.088          5
      1          0               0        193        361      0.123          5
      1          0               0        197        377      0.131          5
      1          0               0        184        265      0.116          5
      1          0               0        216        423      0.138          5
      1          0               0        255        529      0.162          5
      1          0               0        142        471      0.096          5
      1          0               0         94        248      0.060          5
      1          0               0        107        224      0.070          5
      1          0               0        146        413      0.097          5
      1          0               0        184        526      0.119          5
      1          0               0        176        414      0.135          6
      1          0               0         67        123      0.051          6
      1          0               0        277        588      0.213          6
      1          0               0        138        536      0.111          6
      1          0               0        158        491      0.125          6
      1          0               0        154        374      0.119          6
      1          0               0         89        243      0.068          6
      1          0               0        104        332      0.081          6
      1          0               0        262        502      0.199          6
      1          0               0        226        666      0.184          6
      1          0               0        243        735      0.187          6
      1          0               0        276        907      0.212          6
      1          0               0        198        494      0.149          6
      1          0               0         56        178      0.043          6
      1          0               0        247        565      0.186          6
      1          0               0        194        347      0.145          6
      1          0               0        134        223      0.101          6
      1          0               0        143        315      0.108          6
      1          0               0        124        455      0.095          6
      1          0               0        219        743      0.167          6
      1          0               0        112        411      0.086          6
      1          0               0        171        259      0.130          6
      1          0               0        116        292      0.088          6
      1          0               0         37        113      0.028          6
      1          0               0         88        330      0.068          6
      1          0               0         28        101      0.022          6
      1          0               0        139        396      0.111          6
      1          0               0         21         74      0.017          6
      1          0               0         44        137      0.037          6
      1          0               0         83        204      0.063          6
      1          0               0        176        532      0.133          6
      1          0               0        127        204      0.108          6
      1          0               0         52        125      0.040          6
      1          0               0        204        385      0.154          6
      1          0               0         77        200      0.059          6
      1          0               0        130        315      0.099          6
      1          0               0        192        579      0.149          6
      1          0               0        194        414      0.148          6
      1          0               0        139        462      0.112          6
      1          0               0        174        500      0.157          6
      1          0               0        213        501      0.161          6
      1          0               0        132        266      0.100          6
      1          0               0        150        360      0.120          6
      1          0               0        219        527      0.201          6
      1          0               0        182        462      0.142          6
      1          0               0        158        450      0.125          6
      1          0               0        217        559      0.167          6
      1          0               0        144        344      0.110          6
      1          0               0        142        304      0.105          6
      1          0               0        264        692      0.201          6
      1          0               0        196        464      0.173          7
      1          0               0         70        183      0.063          7
      1          0               0        157        418      0.142          7
      1          0               0        137        405      0.129          7
      1          0               0        194        649      0.179          7
      1          0               0        167        497      0.153          7
      1          0               0        303        462      0.267          7
      1          0               0        104        340      0.096          7
      1          0               0        142        438      0.130          7
      1          0               0        136        435      0.126          7
      1          0               0        348        872      0.342          7
      1          0               0        219        581      0.201          7
      1          0               0        120        343      0.110          7
      1          0               0        158        321      0.144          7
      1          0               0        112        276      0.102          7
      1          0               0        142        388      0.131          7
      1          0               0        131        336      0.123          7
      1          0               0        229        508      0.208          7
      1          0               0        182        572      0.172          7
      1          0               0        245        939      0.230          7
      1          0               0        123        534      0.116          7
      1          0               0        180        345      0.160          7
      1          0               0         73        209      0.064          7
      1          0               0         40        146      0.036          7
      1          0               0        216        502      0.217          7
      1          0               0        167        262      0.149          7
      1          0               0        174        555      0.160          7
      1          0               0         80        196      0.069          7
      1          0               0        160        282      0.145          7
      1          0               0        186        370      0.164          7
      1          0               0        190        547      0.171          7
      1          0               0        113        282      0.099          7
      1          0               0         92        215      0.088          7
      1          0               0        174        368      0.154          7
      1          0               0        230        489      0.209          7
      1          0               0        339        654      0.291          7
      1          0               0        241        643      0.212          7
      1          0               0         91        399      0.084          7
      1          0               0        129        481      0.115          7
      1          0               0        133        570      0.120          7
      1          0               0        213        481      0.188          7
      1          0               0        127        380      0.119          7
      1          0               0        268        535      0.232          7
      1          0               0        114        417      0.107          7
      1          0               0        180        634      0.164          7
      1          0               0        113        311      0.102          7
      1          0               0        152        459      0.133          7
      1          0               0        201        558      0.178          7
      1          0               0        195        393      0.167          7
      1          0               0        277        865      0.246          7
      1          0               0         99        256      0.101          8
      1          0               0        159        355      0.163          8
      1          0               0        284        885      0.325          8
      1          0               0        137        474      0.136          8
      1          0               0         86        385      0.085          8
      1          0               0        139        605      0.141          8
      1          0               0        304        547      0.287          8
      1          0               0        104        403      0.102          8
      1          0               0        186        536      0.180          8
      1          0               0        136        512      0.138          8
      1          0               0        237        812      0.231          8
      1          0               0        247        636      0.247          8
      1          0               0         72        224      0.069          8
      1          0               0        132        419      0.129          8
      1          0               0        247        470      0.234          8
      1          0               0        223        493      0.213          8
      1          0               0        181        589      0.178          8
      1          0               0        143        460      0.149          8
      1          0               0        134        421      0.138          8
      1          0               0        245        998      0.246          8
      1          0               0        161        748      0.190          8
      1          0               0        178        521      0.172          8
      1          0               0        134        330      0.129          8
      1          0               0         83        229      0.081          8
      1          0               0         88        283      0.086          8
      1          0               0        158        257      0.150          8
      1          0               0        170        636      0.170          8
      1          0               0         91        270      0.088          8
      1          0               0        168        605      0.170          8
      1          0               0        106        330      0.103          8
      1          0               0        139        515      0.131          8
      1          0               0        137        371      0.130          8
      1          0               0         96        295      0.094          8
      1          0               0        210        435      0.194          8
      1          0               0        232        500      0.213          8
      1          0               0        341        767      0.307          8
      1          0               0        203        548      0.180          8
      1          0               0        192        501      0.173          8
      1          0               0        306       1029      0.272          8
      1          0               0        143        654      0.137          8
      1          0               0        211        541      0.202          8
      1          0               0        174        449      0.170          8
      1          0               0        273        586      0.240          8
      1          0               0         89        321      0.079          8
      1          0               0        176        690      0.162          8
      1          0               0         78        253      0.077          8
      1          0               0        158        487      0.140          8
      1          0               0        229        774      0.209          8
      1          0               0        203        433      0.181          8
      1          0               0        195        568      0.175          8
      1          0               0        119        299      0.123          9
      1          0               0        155        390      0.169          9
      1          0               0        323        961      0.330          9
      1          0               0        165        841      0.174          9
      1          0               0        203        879      0.208          9
      1          0               0        139        481      0.157          9
      1          0               0        318        805      0.319          9
      1          0               0        191        605      0.203          9
      1          0               0        168        418      0.169          9
      1          0               0        221        982      0.228          9
      1          0               0        338       1131      0.347          9
      1          0               0        258        822      0.260          9
      1          0               0         72        248      0.078          9
      1          0               0        344        841      0.351          9
      1          0               0        112        457      0.120          9
      1          0               0        286        688      0.291          9
      1          0               0         95        380      0.102          9
      1          0               0        149        578      0.165          9
      1          0               0        131        532      0.144          9
      1          0               0        266       1037      0.279          9
      1          0               0        124        712      0.136          9
      1          0               0        177        561      0.179          9
      1          0               0        153        484      0.160          9
      1          0               0         93        281      0.102          9
      1          0               0         92        417      0.108          9
      1          0               0        363       1033      0.363          9
      1          0               0        201        471      0.211          9
      1          0               0        123        306      0.125          9
      1          0               0        159        671      0.175          9
      1          0               0        185        599      0.190          9
      1          0               0        138        687      0.143          9
      1          0               0        166        515      0.171          9
      1          0               0         87        361      0.094          9
      1          0               0        241        603      0.243          9
      1          0               0        164        420      0.178          9
      1          0               0        266        895      0.272          9
      1          0               0         60        249      0.063          9
      1          0               0        238        543      0.243          9
      1          0               0        309        876      0.309          9
      1          0               0        143        716      0.159          9
      1          0               0        142        571      0.152          9
      1          0               0        287        901      0.318          9
      1          0               0        223        750      0.231          9
      1          0               0         70        331      0.073          9
      1          0               0        190        845      0.198          9
      1          0               0        115        310      0.128          9
      1          0               0        170        656      0.178          9
      1          0               0        227        789      0.233          9
      1          0               0        192        502      0.195          9
      1          0               0        215        778      0.222          9
      1          0               0        121        356      0.146         10
      1          0               0        188        473      0.231         10
      1          0               0        329       1279      0.383         10
      1          0               0        253       1213      0.293         10
      1          0               0        232       1238      0.293         10
      1          0               0        158        588      0.205         10
      1          0               0        187        457      0.213         10
      1          0               0        174        744      0.215         10
      1          0               0        288        705      0.327         10
      1          0               0        228       1211      0.269         10
      1          0               0        381       1426      0.444         10
      1          0               0        257        829      0.293         10
      1          0               0        112        298      0.137         10
      1          0               0        343        743      0.396         10
      1          0               0        215        763      0.253         10
      1          0               0        336        957      0.398         10
      1          0               0        166        544      0.206         10
      1          0               0        310        678      0.375         10
      1          0               0        175        692      0.220         10
      1          0               0        191        661      0.225         10
      1          0               0        269       1061      0.323         10
      1          0               0         43        239      0.052         10
      1          0               0        146        497      0.171         10
      1          0               0         89        418      0.110         10
      1          0               0        143        559      0.178         10
      1          0               0        338       1121      0.388         10
      1          0               0        142        424      0.171         10
      1          0               0        131        405      0.151         10
      1          0               0        324       1067      0.404         10
      1          0               0        197        717      0.235         10
      1          0               0        136        682      0.159         10
      1          0               0        227        740      0.264         10
      1          0               0         88        379      0.115         10
      1          0               0        236        699      0.275         10
      1          0               0        166        478      0.203         10
      1          0               0        289        848      0.332         10
      1          0               0        163        391      0.187         10
      1          0               0        168        695      0.198         10
      1          0               0        164        526      0.191         10
      1          0               0        150        847      0.185         10
      1          0               0        136        701      0.164         10
      1          0               0        245        976      0.310         10
      1          0               0        280        962      0.329         10
      1          0               0        138        509      0.167         10
      1          0               0        193        912      0.233         10
      1          0               0         92        336      0.118         10
      1          0               0        145        612      0.179         10
      1          0               0        194        521      0.227         10
      1          0               0        207        599      0.236         10
      1          0               0        215        894      0.251         10
