success  collision  collision_obst   makespan   flowtime    runtime mean_groups     number
      1          0               0        435       1731      0.493      9.703         10
      1          0               0        628       2109      1.142     19.791         20
      1          0               0        926       4617      2.663     29.670         30
      1          0               0       1000       6562      4.218     39.176         40
      1          0               0       1241      10761      6.231     48.965         50
      1          0               0       1356      15493      9.313     56.606         60
      1          0               0       1410      29183     16.614     63.665         70
      1          0               0       1371      29297     18.756     71.027         80
      1          0               0       1673      32569     25.228     79.354         90
      1          0               0       1434      31559     30.120     89.209        100
      1          0               0        664       3232      0.634      9.733         10
      1          0               0        568       3634      1.103     19.442         20
      1          0               0        898       6836      3.345     28.052         30
      1          0               0        922       8054      4.465     38.885         40
      1          0               0        876       9760      4.901     48.406         50
      1          0               0        980      11202      6.363     58.236         60
      1          0               0       1148      13066      9.200     68.596         70
      1          0               0       1148      13602      9.306     77.928         80
      1          0               0       1884      19976     21.566     87.899         90
      1          0               0       1403      21648     18.971     97.329        100
      1          0               0       1061       3120      0.939      9.923         10
      1          0               0       1137       4998      2.072     19.438         20
      1          0               0       1015       7025      2.734     29.210         30
      1          0               0       1393      12527      5.319     39.004         40
      1          0               0       1516      17452      7.941     48.087         50
      1          0               0       1593      19999     11.598     56.302         60
      1          0               0        982      15516      7.542     65.846         70
      1          0               0       1025      16486      9.730     74.953         80
      1          0               0       1355      20768     16.481     84.188         90
      1          0               0       1228      21151     18.102     93.362        100
      1          0               0       1175       3729      1.033      9.930         10
      1          0               0       1522       6230      2.794     19.796         20
      1          0               0       1130       6331      3.336     27.808         30
      1          0               0       1277      11284      5.563     36.475         40
      1          0               0       1447      21251      8.972     45.751         50
      1          0               0       1482      26332     15.218     52.588         60
      1          0               0       1125      18173      9.130     65.002         70
      1          0               0       1615      26004     19.120     73.495         80
      1          0               0       1523      29534     23.862     81.740         90
      1          0               0       1623      29067     34.661     89.606        100
      1          0               0        671       1886      0.703      9.359         10
      1          0               0        993       3835      2.312     18.379         20
      1          0               0       1452       8208      5.302     27.560         30
      1          0               0       1074       8369      5.844     36.390         40
      1          0               0        997      12283      6.130     46.725         50
      1          0               0        960       9958      8.758     55.980         60
      1          0               0       1057      11862      8.981     65.256         70
      1          0               0        999      12775      8.937     75.702         80
      1          0               0       1219      17000     16.732     83.583         90
      1          0               0       1284      17588     19.099     93.662        100
      1          0               0        302        927      0.340      9.950         10
      1          0               0       1161       5670      2.681     19.808         20
      1          0               0        815       6304      2.797     29.535         30
      1          0               0       1299      11538      6.068     39.149         40
      1          0               0       1022       7346      5.780     49.109         50
      1          0               0        370       3928      2.516     57.046         60
      1          0               0       1489      16632     14.011     66.404         70
      1          0               0       1455      19093     19.101     75.551         80
      1          0               0       1862      27093     26.037     84.626         90
      1          0               0       1255      23940     20.006     93.095        100
      1          0               0        978       3515      0.935      9.840         10
      1          0               0        410       1570      0.687     19.795         20
      1          0               0       1201       5857      3.418     29.484         30
      1          0               0       1549       9106      6.475     38.229         40
      1          0               0       1229      11124      6.892     48.011         50
      1          0               0       1253      12226      8.055     56.488         60
      1          0               0       1224      16580     11.386     63.607         70
      1          0               0       1744      15382     21.633     73.275         80
      1          0               0       1552      18198     20.541     83.803         90
      1          0               0       1409      22061     21.028     93.272        100
      1          0               0        689       1606      0.718      9.911         10
      1          0               0       1091       5298      2.199     19.654         20
      1          0               0       1140       9481      3.968     28.877         30
      1          0               0        654       5973      2.516     38.901         40
      1          0               0       1345      12888      7.505     47.955         50
      1          0               0       1429      17587      9.788     58.113         60
      1          0               0       1388      15018     10.354     67.961         70
      1          0               0       1522      21288     15.875     75.350         80
      1          0               0       1855      21331     20.414     86.898         90
      1          0               0       1190      18052     13.989     95.006        100
      1          0               0        776       3181      0.724      9.285         10
      1          0               0       1327       5448      2.578     19.412         20
      1          0               0        450       2499      1.183     28.244         30
      1          0               0       1038       7508      4.288     38.494         40
      1          0               0       1057       7239      6.646     46.837         50
      1          0               0       1625      12303     10.776     58.120         60
      1          0               0       1646      15244     14.773     68.049         70
      1          0               0       1870      17210     20.097     78.157         80
      1          0               0       1586      21255     18.420     87.617         90
      1          0               0       1735      23725     24.900     95.733        100
      1          0               0        733       2243      0.679      9.868         10
      1          0               0        532       2803      0.930     19.727         20
      1          0               0       1463       8811      4.430     29.368         30
      1          0               0       1515      15980      7.233     37.041         40
      1          0               0       1391      14217      7.612     48.418         50
      1          0               0       1402      20935     11.004     55.574         60
      1          0               0       1690      25509     16.863     64.538         70
      1          0               0       1468      27156     17.438     72.613         80
      1          0               0       1876      32189     26.925     84.018         90
      1          0               0       1107      23133     16.226     92.881        100
      1          0               0        707       2711      0.673      9.853         10
      1          0               0        693       3330      1.251     19.563         20
      1          0               0        760       3942      2.030     29.484         30
      1          0               0       1000       5897      3.515     39.260         40
      1          0               0        658       6303      3.150     47.454         50
      1          0               0        881       9451      5.319     56.137         60
      1          0               0       1080      14867      8.620     65.474         70
      1          0               0       1032      16177     10.002     73.639         80
      1          0               0       1364      14627     14.977     82.504         90
      1          0               0       1179      22502     17.332     91.665        100
      1          0               0        539       2748      0.551      9.709         10
      1          0               0       1085       5917      2.473     18.394         20
      1          0               0       1045       9267      3.814     27.930         30
      1          0               0       1168      13311      6.587     36.924         40
      1          0               0       1177      12296      8.773     47.265         50
      1          0               0       1385      16692     12.406     56.266         60
      1          0               0       1295      18832     14.034     64.287         70
      1          0               0       1212      15988     16.479     72.864         80
      1          0               0       1587      24793     23.070     82.045         90
      1          0               0       1463      24690     23.437     89.790        100
      1          0               0        746       2068      0.682      9.903         10
      1          0               0        859       4988      2.059     19.702         20
      1          0               0       1371       6524      4.436     29.292         30
      1          0               0       1291       7485      5.187     38.716         40
      1          0               0       1500      14024      9.764     47.893         50
      1          0               0       1291       9257     10.829     58.099         60
      1          0               0       1166       9352     12.326     66.008         70
      1          0               0       1356      11711     22.947     76.288         80
      1          0               0       1233      11173     23.328     83.878         90
      1          0               0       1236      12258     28.159     92.258        100
      1          0               0        601       2841      0.841      9.864         10
      1          0               0       1168       8132      3.449     19.494         20
      1          0               0       1336      10512      6.620     28.518         30
      1          0               0       1397      14777      9.671     38.981         40
      1          0               0       1129      13657      9.854     48.539         50
      1          0               0       1091      11173     11.407     58.156         60
      1          0               0       1069      14383     14.340     66.459         70
      1          0               0       1379      16587     24.948     75.837         80
      1          0               0       1510      25948     28.274     87.072         90
      1          0               0       1283      25052     26.595     95.661        100
      1          0               0        462       1888      0.712      9.719         10
      1          0               0        880       5292      2.773     19.633         20
      1          0               0        637       4575      3.172     29.044         30
      1          0               0        714       6514      4.997     37.280         40
      1          0               0       1288      12358     12.644     47.382         50
      1          0               0       1046      11709     12.376     56.238         60
      1          0               0       1422      20537     19.207     66.643         70
      1          0               0       1257      21632     16.513     75.539         80
      1          0               0       1430      24584     23.590     84.203         90
      1          0               0       1714      24702     27.596     93.229        100
      1          0               0        785       2680      0.727      9.814         10
      1          0               0        696       3387      1.203     19.591         20
      1          0               0       1220       6840      3.610     28.773         30
      1          0               0       1271       7425      4.937     39.290         40
      1          0               0       1538      14404      8.899     49.388         50
      1          0               0       1555      17579     12.483     57.792         60
      1          0               0       1577      14868     14.491     67.524         70
      1          0               0       1566      27508     20.052     73.087         80
      1          0               0       1657      26133     21.565     85.016         90
      1          0               0       1654      24151     28.019     92.119        100
      1          0               0        147        700      0.162      9.918         10
      1          0               0       1142       3788      2.143     19.879         20
      1          0               0       1074       7947      3.444     28.683         30
      1          0               0        844       7126      3.638     38.325         40
      1          0               0        550       5748      3.045     47.055         50
      1          0               0        666       7529      4.526     57.470         60
      1          0               0        949      15175      8.297     67.271         70
      1          0               0        650      11310      5.875     73.748         80
      1          0               0        970      14904     11.224     82.630         90
      1          0               0        842      13992     13.327     89.234        100
      1          0               0        864       1839      0.795      9.936         10
      1          0               0        893       4240      1.647     19.531         20
      1          0               0       1063       7940      3.362     29.199         30
      1          0               0       1503      14901      7.095     38.018         40
      1          0               0       1635      24671      9.110     47.687         50
      1          0               0       1583      21799     10.621     58.995         60
      1          0               0       1107      11129      7.979     67.746         70
      1          0               0       1484      19923     14.640     77.222         80
      1          0               0        996      16295     11.868     84.453         90
      1          0               0       1533      23518     23.801     94.691        100
      1          0               0        674       1609      0.668      9.457         10
      1          0               0       1236       5654      2.232     19.851         20
      1          0               0       1164       6250      3.406     29.547         30
      1          0               0        550       3798      1.921     38.809         40
      1          0               0       1455      13677      8.200     48.732         50
      1          0               0       1698      17918     11.126     58.186         60
      1          0               0       1666      21731     13.901     67.035         70
      1          0               0       1899      36102     19.798     74.477         80
      1          0               0       1848      35414     26.579     82.100         90
      0          0               0       2000     200000     32.020     92.685        100
      1          0               0        559       2383      0.507      9.635         10
      1          0               0        857       4165      1.602     19.212         20
      1          0               0        989       9146      2.905     28.405         30
      1          0               0       1406      11699      6.013     38.479         40
      1          0               0       1113      13245      5.983     48.456         50
      1          0               0       1334      14583      8.637     57.570         60
      1          0               0       1269      14556      9.780     67.607         70
      1          0               0       1194      18675     12.942     75.947         80
      1          0               0       1764      22959     23.544     86.031         90
      1          0               0       1610      21036     24.106     92.815        100
      1          0               0        209        733      0.188      9.809         10
      1          0               0        916       3360      1.819     19.555         20
      1          0               0       1130       5417      3.166     29.137         30
      1          0               0       1338       7903      5.316     38.965         40
      1          0               0       1732      15061      9.685     49.247         50
      1          0               0       1777      16871     15.363     58.553         60
      1          0               0       1581      14414     14.888     68.134         70
      1          0               0       1056      14498     11.969     77.183         80
      1          0               0       1894      32023     44.837     87.291         90
      1          0               0       1694      22248     39.831     96.215        100
      1          0               0        483       1708      0.722      9.770         10
      1          0               0        868       5424      2.728     19.589         20
      1          0               0       1247      11823      6.252     29.527         30
      1          0               0       1176       9248      8.188     38.693         40
      1          0               0       1011      13364      9.215     48.510         50
      1          0               0       1379      10224     16.720     58.126         60
      1          0               0       1353      16210     19.191     66.852         70
      1          0               0       1562      27904     29.778     74.504         80
      1          0               0       1573      25077     37.499     82.279         90
      1          0               0       1483      35156     39.194     92.917        100
      1          0               0        377       1680      0.524      9.849         10
      1          0               0        765       5833      2.411     19.418         20
      1          0               0        798       6686      3.986     28.999         30
      1          0               0        733       8656      5.298     37.980         40
      1          0               0        769       8156      7.383     47.538         50
      1          0               0        931      11490     11.624     56.305         60
      1          0               0       1127      13616     15.112     67.654         70
      1          0               0       1446      16799     25.002     76.282         80
      1          0               0        831      14192     15.442     83.428         90
      1          0               0       1463      21937     35.723     94.243        100
      1          0               0       1105       4536      1.117      9.789         10
      1          0               0       1428       8658      2.781     19.750         20
      1          0               0       1307      10090      3.981     29.241         30
      1          0               0       1685      18323      7.797     38.180         40
      1          0               0       1703      22013      9.663     47.800         50
      1          0               0       1948      18229     14.895     57.394         60
      1          0               0       1502      20510     14.736     67.560         70
      1          0               0       1433      17271     15.003     77.068         80
      1          0               0       1386      26775     19.295     83.570         90
      1          0               0       1389      27750     20.612     92.597        100
      1          0               0        500       2121      0.459      9.846         10
      1          0               0       1054       6595      2.067     19.291         20
      1          0               0        579       3894      1.594     28.677         30
      1          0               0        684       5516      2.521     38.085         40
      1          0               0        815       6654      3.864     48.264         50
      1          0               0       1078       8771      6.402     58.285         60
      1          0               0       1279      11245      9.037     66.783         70
      1          0               0       1420      19454     13.096     76.223         80
      1          0               0       1177      14927     12.427     86.195         90
      1          0               0       1633      19212     19.139     95.328        100
      1          0               0       1130       4129      2.444      9.919         10
      1          0               0       1314       5808      5.409     19.705         20
      1          0               0       1477      13201     10.026     28.819         30
      1          0               0       1456      17887     10.150     38.367         40
      1          0               0       1444      20198      9.449     47.686         50
      1          0               0       1404      22610     10.879     56.091         60
      1          0               0        921      17521      7.514     66.814         70
      1          0               0       1715      21399     17.391     77.548         80
      1          0               0       1503      20886     16.821     86.011         90
      1          0               0       1436      25907     18.958     95.391        100
      1          0               0        585       1833      0.503      9.918         10
      1          0               0       1116       4154      1.998     19.427         20
      1          0               0        814       5553      2.255     28.926         30
      1          0               0       1264      10939      5.273     37.835         40
      1          0               0       1146       9693      5.793     48.630         50
      1          0               0       1239      13644      7.986     58.674         60
      1          0               0       1575      17103     12.394     68.681         70
      1          0               0       1572      23700     15.938     77.001         80
      1          0               0       1368      21022     13.509     86.931         90
      1          0               0       1405      25959     17.760     96.375        100
      1          0               0        862       1964      0.790      9.666         10
      1          0               0       1080       3827      1.999     18.725         20
      1          0               0        719       4147      1.958     28.832         30
      1          0               0        946       8241      3.616     38.683         40
      1          0               0        675       6993      3.056     48.024         50
      1          0               0        941      11352      5.833     56.784         60
      1          0               0        898       9589      6.289     67.424         70
      1          0               0       1025      10860      9.200     76.188         80
      1          0               0       1031      16116     10.467     85.142         90
      1          0               0       1776      19004     23.276     95.369        100
      1          0               0        527       2597      0.460      9.480         10
      1          0               0        887       3411      1.656     19.307         20
      1          0               0       1335      10019      3.962     29.471         30
      1          0               0        637       5075      2.149     38.992         40
      1          0               0       1535      17145      7.916     48.710         50
      1          0               0       1341      11457      8.314     58.023         60
      1          0               0        744      10453      5.246     66.344         70
      1          0               0       1080      11684      9.820     76.189         80
      1          0               0        593      10531      5.526     84.032         90
      1          0               0        545      12083      6.082     91.284        100
      1          0               0        317        991      0.274      9.833         10
      1          0               0        775       4452      1.370     19.603         20
      1          0               0       1356      10995      4.442     27.314         30
      1          0               0       1468      12964      5.800     39.221         40
      1          0               0       1571      18453      8.832     46.774         50
      1          0               0       1645      24982     11.997     55.730         60
      1          0               0       1773      30179     18.345     64.316         70
      1          0               0       1408      23861     17.631     72.124         80
      1          0               0       1968      28733     28.182     82.280         90
      1          0               0       1514      29457     25.263     91.930        100
      1          0               0        499       1558      0.441      9.854         10
      1          0               0       1104       3772      1.986     19.849         20
      1          0               0        985       7083      2.743     29.184         30
      1          0               0       1227       8358      4.991     38.779         40
      1          0               0        875       8807      4.443     48.397         50
      1          0               0       1278      14844      8.970     58.304         60
      1          0               0       1112      18949      9.169     66.620         70
      1          0               0       1367      27777     14.791     76.350         80
      1          0               0       1164      25939     15.274     82.640         90
      1          0               0       1043      26669     18.161     90.474        100
      1          0               0        877       3764      0.862      8.854         10
      1          0               0        969       6453      1.913     18.787         20
      1          0               0       1170       8488      3.686     28.377         30
      1          0               0       1532      11932      6.589     38.947         40
      1          0               0       1338      13489      7.756     46.882         50
      1          0               0       1325      17146      9.853     55.260         60
      1          0               0       1339      21705     12.090     63.577         70
      1          0               0       1060      15893     11.148     73.285         80
      1          0               0       1208      19493     16.220     82.685         90
      1          0               0       1186      24429     18.637     91.800        100
      1          0               0        628       1226      0.574      9.691         10
      1          0               0       1487       3961      2.804     19.857         20
      1          0               0       1354       6148      3.946     29.713         30
      1          0               0       1145       7613      5.097     37.748         40
      1          0               0       1338      12817      8.524     45.571         50
      1          0               0       1374      13253     10.124     55.523         60
      1          0               0       1573      22988     15.368     65.615         70
      1          0               0       1457      29531     18.234     73.655         80
      1          0               0       1342      28798     18.460     83.859         90
      1          0               0       1683      26345     26.528     93.440        100
      1          0               0        980       1698      0.967      9.924         10
      1          0               0       1226       5219      2.470     19.768         20
      1          0               0       1317      11084      4.331     28.406         30
      1          0               0        700       7180      2.854     38.436         40
      1          0               0       1494      14699      8.753     47.338         50
      1          0               0       1591      13614     10.906     56.573         60
      1          0               0       1220      11993     10.256     66.207         70
      1          0               0       1453      17233     16.340     74.292         80
      1          0               0       1328      19512     15.941     83.303         90
      1          0               0       1577      25917     26.013     91.441        100
      1          0               0        716       1967      0.656      9.930         10
      1          0               0        956       4707      1.763     19.456         20
      1          0               0       1273       7506      3.809     29.654         30
      1          0               0       1678      10431      7.133     38.947         40
      1          0               0       1376      10634      7.952     48.054         50
      1          0               0       1778      23638     13.558     56.924         60
      1          0               0       1820      22644     17.815     66.946         70
      1          0               0       1517      17064     15.331     77.139         80
      1          0               0       1462      15420     16.122     86.817         90
      1          0               0       1731      26542     27.350     93.616        100
      1          0               0        809       2634      0.758      9.848         10
      1          0               0        964       5537      1.887     19.202         20
      1          0               0       1040       8897      3.291     28.303         30
      1          0               0       1121       8218      4.731     38.167         40
      1          0               0       1161       9615      6.098     47.217         50
      1          0               0        878      10157      5.981     55.289         60
      1          0               0       1267      16322     10.715     64.664         70
      1          0               0       1054      12763     10.375     73.584         80
      1          0               0        840      12059     10.527     80.908         90
      1          0               0       1121      17690     17.024     90.756        100
      1          0               0        657       2285      0.617      9.852         10
      1          0               0       1084       6311      2.149     19.638         20
      1          0               0       1067       6732      3.305     28.721         30
      1          0               0       1323       8453      5.664     38.977         40
      1          0               0       1154      10331      7.435     46.581         50
      1          0               0       1232      12898      9.708     56.088         60
      1          0               0       1627      19189     16.869     65.266         70
      1          0               0       1472      21630     17.922     73.861         80
      1          0               0       1425      18110     18.026     85.657         90
      1          0               0        943      13958     10.381     94.164        100
      1          0               0        669       1915      0.630      9.886         10
      1          0               0       1059       4400      1.960     19.740         20
      1          0               0       1238       6324      3.469     29.366         30
      1          0               0        922       6639      3.467     39.126         40
      1          0               0        789       8128      3.863     47.496         50
      1          0               0       1519      14808     10.253     58.019         60
      1          0               0        738       8138      5.152     66.308         70
      1          0               0        519       8253      4.187     75.245         80
      1          0               0        378       7621      3.534     82.577         90
      1          0               0       1880      23666     26.782     94.663        100
      1          0               0        619       2409      0.596      9.855         10
      1          0               0        992       5334      1.883     19.792         20
      1          0               0       1344       9345      4.111     29.480         30
      1          0               0       1337      11742      5.944     39.095         40
      1          0               0       1445      13905      8.755     48.843         50
      1          0               0       1339      12632      9.363     58.258         60
      1          0               0       1457      11950     12.574     67.080         70
      1          0               0       1191      12747     12.478     76.433         80
      1          0               0       1045      14914     12.563     84.845         90
      1          0               0       1365      18239     20.641     93.440        100
      1          0               0        849       2593      0.815      9.918         10
      1          0               0        787       3766      1.404     19.718         20
      1          0               0       1457       9034      4.447     29.610         30
      1          0               0       1379      10581      5.733     39.071         40
      1          0               0       1615      16578      9.523     48.069         50
      1          0               0       1575      16231     11.183     57.803         60
      1          0               0       1485      15147     12.309     67.910         70
      1          0               0       1734      25907     17.179     77.058         80
      1          0               0       1668      26041     21.312     85.143         90
      1          0               0       1754      29316     28.263     94.135        100
      1          0               0        317       1224      0.293      9.751         10
      1          0               0       1025       4041      1.843     19.802         20
      1          0               0       1024       5765      3.159     28.831         30
      1          0               0       1210       8455      5.406     37.216         40
      1          0               0       1215      11779      7.694     46.213         50
      1          0               0       1119      10628      7.548     56.499         60
      1          0               0       1156      11960     10.071     65.387         70
      1          0               0       1262      15435     13.918     75.120         80
      1          0               0       1051      15285     13.060     83.826         90
      1          0               0       1234      16959     16.463     92.621        100
      1          0               0        501       1118      0.455      9.904         10
      1          0               0       1157       3382      2.144     19.794         20
      1          0               0        686       5981      1.990     29.259         30
      1          0               0       1596       9999      7.114     39.075         40
      1          0               0       1601      10025      8.400     49.231         50
      1          0               0       1270      12332      8.502     58.802         60
      1          0               0       1292      19839     11.032     67.769         70
      1          0               0       1435      23829     15.564     76.787         80
      1          0               0       1522      27207     21.520     85.745         90
      1          0               0       1200      23147     17.092     95.809        100
      1          0               0        649       1696      0.587      9.929         10
      1          0               0       1159       4943      2.301     19.437         20
      1          0               0       1047       6754      3.171     29.321         30
      1          0               0       1409      13904      6.039     37.935         40
      1          0               0       1284      12628      7.067     48.642         50
      1          0               0       1101      12282      7.570     57.458         60
      1          0               0       1300      11454     10.881     67.537         70
      1          0               0       1553      16078     16.189     74.268         80
      1          0               0       1713      23916     21.844     84.276         90
      1          0               0       1409      21886     21.894     92.681        100
      1          0               0        824       3461      0.813      9.818         10
      1          0               0       1178       7009      2.423     19.231         20
      1          0               0       1196       9005      3.664     29.102         30
      1          0               0       1375      12774      5.838     38.842         40
      1          0               0        649       8745      3.523     46.368         50
      1          0               0       1403      19132     11.194     56.555         60
      1          0               0        955      12867      8.383     66.382         70
      1          0               0       1103      13770     11.405     75.560         80
      1          0               0       1048      16568     13.120     84.696         90
      1          0               0       1223      22780     20.313     91.271        100
      1          0               0        924       3423      0.843      9.868         10
      1          0               0        786       4501      1.398     19.711         20
      1          0               0       1142       6784      3.248     29.492         30
      1          0               0        911       7656      3.500     38.293         40
      1          0               0        540       6944      2.657     46.554         50
      1          0               0       1543      13993     11.722     56.409         60
      1          0               0       1459      15368     12.438     66.302         70
      1          0               0       1397      14446     13.743     76.480         80
      1          0               0       1912      25612     23.270     85.503         90
      1          0               0       1301      21828     17.351     93.326        100
      1          0               0        736       1973      0.710      9.853         10
      1          0               0        496       2635      0.890     19.609         20
      1          0               0        464       4750      1.324     28.972         30
      1          0               0       1112      13269      4.669     38.754         40
      1          0               0       1392      14037      7.958     47.165         50
      1          0               0        910      11865      5.647     57.175         60
      1          0               0        877      12482      7.009     66.055         70
      1          0               0       1513      28656     16.380     74.785         80
      1          0               0       1250      24536     16.070     83.514         90
      1          0               0       1159      23043     17.410     93.267        100
      1          0               0        734       2370      0.683      9.879         10
      1          0               0        650       3633      1.219     19.582         20
      1          0               0        830       5980      2.307     28.986         30
      1          0               0        618       5813      2.336     37.958         40
      1          0               0        858       8217      4.576     47.383         50
      1          0               0        760       9943      5.157     56.592         60
      1          0               0       1048      12416      9.014     66.675         70
      1          0               0       1678      19646     17.380     77.288         80
      1          0               0       1689      14188     19.303     87.747         90
      1          0               0        914      14773     11.096     94.770        100
      1          0               0        753       2427      0.695      9.886         10
      1          0               0        814       4927      1.531     19.346         20
      1          0               0       1155       9062      3.567     29.552         30
      1          0               0       1039      10657      5.068     37.065         40
      1          0               0       1055      12478      5.914     48.529         50
      1          0               0        943       8611      5.776     59.039         60
      1          0               0       1084      11773      8.463     67.762         70
      1          0               0       1130      13450      9.918     77.289         80
      1          0               0       1106      16869     13.307     84.229         90
      1          0               0       1063      16184     15.589     93.013        100
      1          0               0        316       1029      0.282      9.826         10
      1          0               0        837       2922      1.487     19.664         20
      1          0               0        449       4071      1.198     28.630         30
      1          0               0       1115       9185      4.418     38.385         40
      1          0               0        948       7707      4.958     47.139         50
      1          0               0       1263      12205      8.541     57.141         60
      1          0               0       1330      12401     10.598     66.244         70
      1          0               0        999      13401      9.788     75.338         80
      1          0               0       1463      17874     17.878     84.522         90
      1          0               0       1293      18251     21.517     91.839        100
      1          0               0        383       1110      0.347      9.914         10
      1          0               0        992       4440      1.880     19.809         20
      1          0               0        593       3263      1.608     29.250         30
      1          0               0       1542      13952      7.093     37.021         40
      1          0               0       1254      11034      7.100     48.025         50
      1          0               0       1093      11603      7.879     56.311         60
      1          0               0       1288      18544     12.032     65.322         70
      1          0               0       1501      18588     16.832     74.806         80
      1          0               0       1502      27676     26.743     80.009         90
      1          0               0       1412      24960     22.992     91.807        100
