success  collision  collision_obst   makespan   flowtime    runtime     number
      1          0               0         76        298      0.082         10
      1          0               0         86        613      0.161         10
      1          0               0         67        420      0.071         10
      1          0               0         85        428      0.086         10
      1          0               0         81        367      0.087         10
      1          0               0         84        547      0.151         10
      1          0               0         71        410      0.113         10
      1          0               0         92        530      0.103         10
      1          0               0         84        549      0.095         10
      1          0               0         85        353      0.089         10
      1          0               0         89        475      0.092         10
      1          0               0         74        419      0.077         10
      1          0               0         82        568      0.099         10
      1          0               0         53        251      0.056         10
      1          0               0         90        399      0.159         10
      1          0               0         91        466      0.096         10
      1          0               0         86        389      0.152         10
      1          0               0         81        512      0.088         10
      1          0               0         98        430      0.138         10
      1          0               0         81        342      0.082         10
      1          0               0         82        339      0.142         10
      1          0               0         88        444      0.158         10
      1          0               0         80        420      0.089         10
      1          0               0         71        450      0.118         10
      1          0               0         77        489      0.085         10
      1          0               0         83        496      0.095         10
      1          0               0         97        546      0.106         10
      1          0               0         79        487      0.092         10
      1          0               0         74        426      0.140         10
      1          0               0         89        566      0.161         10
      1          0               0         81        322      0.079         10
      1          0               0         67        327      0.067         10
      1          0               0         88        361      0.089         10
      1          0               0         82        402      0.087         10
      1          0               0         76        452      0.082         10
      1          0               0         91        441      0.094         10
      1          0               0         77        537      0.084         10
      1          0               0         93        347      0.100         10
      1          0               0         98        449      0.119         10
      1          0               0         72        349      0.071         10
      1          0               0         65        436      0.071         10
      1          0               0         87        561      0.093         10
      1          0               0         62        482      0.069         10
      1          0               0         87        417      0.092         10
      1          0               0         99        423      0.105         10
      1          0               0         93        485      0.096         10
      1          0               0         89        553      0.093         10
      1          0               0         81        530      0.087         10
      1          0               0         85        689      0.099         10
      1          0               0         90        504      0.089         10
      1          0               0         90        517      0.101         10
      1          0               0         80        488      0.088         10
      1          0               0         97        459      0.105         10
      1          0               0         85        358      0.087         10
      1          0               0         69        395      0.075         10
      1          0               0         80        469      0.080         10
      1          0               0         80        559      0.084         10
      1          0               0         80        367      0.076         10
      1          0               0         69        445      0.071         10
      1          0               0         56        297      0.058         10
      1          0               0         67        382      0.127         10
      1          0               0         80        428      0.083         10
      1          0               0         61        427      0.115         10
      1          0               0         74        370      0.076         10
      1          0               0         58        302      0.058         10
      1          0               0         71        493      0.077         10
      1          0               0         95        501      0.100         10
      1          0               0         85        466      0.092         10
      1          0               0         79        423      0.084         10
      1          0               0         79        376      0.089         10
      1          0               0         91        540      0.129         10
      1          0               0         89        648      0.097         10
      1          0               0         79        384      0.136         10
      1          0               0         61        364      0.065         10
      1          0               0         86        417      0.090         10
      1          0               0         59        418      0.065         10
      1          0               0         85        315      0.089         10
      1          0               0         88        509      0.095         10
      1          0               0         45        330      0.074         10
      1          0               0         61        272      0.067         10
      1          0               0         71        438      0.075         10
      1          0               0         91        515      0.110         10
      1          0               0         95        369      0.094         10
      1          0               0         89        528      0.096         10
      1          0               0         77        410      0.139         10
      1          0               0         81        330      0.082         10
      1          0               0         82        470      0.152         10
      1          0               0         96        434      0.095         10
      1          0               0         93        471      0.097         10
      1          0               0         84        420      0.141         10
      1          0               0         78        481      0.082         10
      1          0               0         76        363      0.076         10
      1          0               0         70        334      0.072         10
      1          0               0         96        624      0.153         10
      1          0               0         75        521      0.080         10
      1          0               0         82        471      0.130         10
      1          0               0         82        505      0.097         10
      1          0               0         75        393      0.077         10
      1          0               0         72        406      0.082         10
      1          0               0         83        449      0.087         10
      1          0               0         74        698      0.151         20
      1          0               0        100       1180      0.257         20
      1          0               0         67        852      0.171         20
      1          0               0         83        875      0.176         20
      1          0               0        102       1004      0.230         20
      1          0               0         89       1136      0.199         20
      1          0               0         73        750      0.160         20
      1          0               0         92       1053      0.193         20
      1          0               0         82        960      0.170         20
      1          0               0         84        892      0.176         20
      1          0               0         89        908      0.184         20
      1          0               0         79        877      0.170         20
      1          0               0         80        850      0.169         20
      1          0               0         82        626      0.164         20
      1          0               0         90        746      0.185         20
      1          0               0         92        922      0.206         20
      1          0               0         86        878      0.179         20
      1          0               0         97       1088      0.209         20
      1          0               0        100        734      0.201         20
      1          0               0         87        899      0.182         20
      1          0               0         82        788      0.249         20
      1          0               0         88        957      0.188         20
      1          0               0         93       1208      0.214         20
      1          0               0         90        906      0.185         20
      1          0               0         80        925      0.173         20
      1          0               0         83       1022      0.187         20
      1          0               0        105       1182      0.219         20
      1          0               0         89       1003      0.208         20
      1          0               0        100        964      0.217         20
      1          0               0         88        986      0.191         20
      1          0               0        104        909      0.219         20
      1          0               0         67        699      0.153         20
      1          0               0         96        942      0.206         20
      1          0               0         88        757      0.302         20
      1          0               0         85        953      0.304         20
      1          0               0         91        973      0.197         20
      1          0               0         91       1031      0.207         20
      1          0               0         92        934      0.187         20
      1          0               0        100        923      0.208         20
      1          0               0         70        667      0.143         20
      1          0               0         70        776      0.146         20
      1          0               0         91       1022      0.193         20
      1          0               0        103       1014      0.211         20
      1          0               0         87        869      0.178         20
      1          0               0         99        947      0.252         20
      1          0               0         92       1000      0.268         20
      1          0               0         89       1005      0.225         20
      1          0               0        103       1165      0.218         20
      1          0               0         84       1099      0.202         20
      1          0               0         90        840      0.187         20
      1          0               0         91        989      0.319         20
      1          0               0         86        996      0.359         20
      1          0               0         98        855      0.353         20
      1          0               0         85        785      0.243         20
      1          0               0         68        749      0.164         20
      1          0               0         79        970      0.206         20
      1          0               0         94       1066      0.265         20
      1          0               0         80        764      0.235         20
      1          0               0        103       1151      0.274         20
      1          0               0         56        641      0.193         20
      1          0               0         65        694      0.148         20
      1          0               0         86        928      0.296         20
      1          0               0         75        877      0.178         20
      1          0               0         75        860      0.151         20
      1          0               0         80        759      0.160         20
      1          0               0         71        918      0.151         20
      1          0               0         95        968      0.203         20
      1          0               0         85        994      0.198         20
      1          0               0         92       1017      0.197         20
      1          0               0         99       1065      0.204         20
      1          0               0         91       1081      0.205         20
      1          0               0         89       1184      0.190         20
      1          0               0         93        851      0.225         20
      1          0               0         87        940      0.206         20
      1          0               0         85        959      0.283         20
      1          0               0         84        957      0.189         20
      1          0               0         85        714      0.180         20
      1          0               0         98       1081      0.241         20
      1          0               0         79        712      0.169         20
      1          0               0         92       1056      0.198         20
      1          0               0         85        894      0.183         20
      1          0               0         91       1075      0.226         20
      1          0               0         93        886      0.197         20
      1          0               0         98        962      0.243         20
      1          0               0         89        937      0.228         20
      1          0               0         80        794      0.164         20
      1          0               0         81        828      0.174         20
      1          0               0         94        952      0.198         20
      1          0               0         99       1092      0.223         20
      1          0               0         82        874      0.170         20
      1          0               0         79        884      0.185         20
      1          0               0         87        918      0.190         20
      1          0               0         77        748      0.280         20
      1          0               0         98       1038      0.260         20
      1          0               0         93       1154      0.297         20
      1          0               0         85        925      0.216         20
      1          0               0         89        938      0.207         20
      1          0               0         77        825      0.160         20
      1          0               0         82        866      0.186         20
      1          0               0         82        955      0.182         20
      1          0               0         81       1289      0.316         30
      1          0               0         99       1714      0.614         30
      1          0               0         73       1274      0.298         30
      1          0               0         91       1459      0.329         30
      1          0               0        104       1464      0.340         30
      1          0               0         91       1590      0.432         30
      1          0               0         77       1291      0.426         30
      1          0               0         93       1458      0.330         30
      1          0               0         89       1420      0.320         30
      1          0               0         93       1639      0.343         30
      1          0               0         87       1443      0.398         30
      1          0               0         79       1254      0.318         30
      1          0               0         93       1241      0.583         30
      1          0               0         81        942      0.449         30
      1          0               0         88       1275      0.323         30
      1          0               0         94       1463      0.361         30
      1          0               0         89       1577      0.295         30
      1          0               0         93       1568      0.309         30
      1          0               0        100       1155      0.375         30
      1          0               0         91       1411      0.409         30
      1          0               0         87       1177      0.293         30
      1          0               0         89       1568      0.366         30
      1          0               0         92       1663      0.336         30
      1          0               0         93       1477      0.308         30
      1          0               0        101       1381      0.334         30
      1          0               0         84       1505      0.316         30
      1          0               0        104       1651      0.348         30
      1          0               0         89       1428      0.309         30
      1          0               0         98       1546      0.364         30
      1          0               0         88       1467      0.310         30
      1          0               0        103       1429      0.348         30
      1          0               0         76       1261      0.267         30
      1          0               0         96       1595      0.342         30
      1          0               0         87       1108      0.291         30
      1          0               0         84       1326      0.307         30
      1          0               0         90       1392      0.313         30
      1          0               0         87       1451      0.304         30
      1          0               0         92       1400      0.280         30
      1          0               0        100       1577      0.325         30
      1          0               0         71       1145      0.253         30
      1          0               0         95       1231      0.310         30
      1          0               0         89       1514      0.310         30
      1          0               0        102       1533      0.325         30
      1          0               0         86       1272      0.340         30
      1          0               0         99       1290      0.323         30
      1          0               0         92       1305      0.338         30
      1          0               0         89       1398      0.281         30
      1          0               0        101       1582      0.349         30
      1          0               0         85       1677      0.341         30
      1          0               0         90       1283      0.285         30
      1          0               0        100       1434      0.346         30
      1          0               0         86       1487      0.426         30
      1          0               0         98       1210      0.525         30
      1          0               0         93       1196      0.294         30
      1          0               0         68       1080      0.249         30
      1          0               0         80       1460      0.272         30
      1          0               0         93       1632      0.352         30
      1          0               0         79       1128      0.263         30
      1          0               0        103       1689      0.382         30
      1          0               0         57       1022      0.239         30
      1          0               0         92       1329      0.331         30
      1          0               0         90       1544      0.320         30
      1          0               0         92       1250      0.274         30
      1          0               0         81       1323      0.273         30
      1          0               0         83       1166      0.292         30
      1          0               0         94       1645      0.332         30
      1          0               0         96       1514      0.347         30
      1          0               0         86       1546      0.317         30
      1          0               0         92       1493      0.323         30
      1          0               0         98       1663      0.339         30
      1          0               0         89       1578      0.332         30
      1          0               0         89       1628      0.289         30
      1          0               0         96       1413      0.409         30
      1          0               0         96       1416      0.336         30
      1          0               0         85       1391      0.300         30
      1          0               0         82       1340      0.292         30
      1          0               0         89       1365      0.323         30
      1          0               0         97       1439      0.321         30
      1          0               0         87       1253      0.296         30
      1          0               0        102       1682      0.386         30
      1          0               0         86       1409      0.335         30
      1          0               0         90       1700      0.339         30
      1          0               0         93       1416      0.300         30
      1          0               0         98       1518      0.399         30
      1          0               0        100       1507      0.351         30
      1          0               0         86       1448      0.302         30
      1          0               0         88       1364      0.317         30
      1          0               0         92       1370      0.306         30
      1          0               0         97       1615      0.355         30
      1          0               0         87       1369      0.288         30
      1          0               0         77       1307      0.306         30
      1          0               0         89       1343      0.304         30
      1          0               0         77       1224      0.252         30
      1          0               0         96       1395      0.326         30
      1          0               0         92       1622      0.380         30
      1          0               0         84       1354      0.300         30
      1          0               0         89       1345      0.307         30
      1          0               0         81       1388      0.296         30
      1          0               0         81       1356      0.398         30
      1          0               0         96       1539      0.476         30
      1          0               0         82       1760      0.665         40
      1          0               0        100       2263      0.776         40
      1          0               0         84       1687      0.483         40
      1          0               0         93       2028      0.524         40
      1          0               0        101       1976      0.509         40
      1          0               0         90       2082      0.487         40
      1          0               0         79       1726      0.430         40
      1          0               0         91       1979      0.487         40
      1          0               0         89       1985      0.492         40
      1          0               0         93       2014      0.476         40
      1          0               0         89       1893      0.474         40
      1          0               0         77       1748      0.424         40
      1          0               0         92       1656      0.480         40
      1          0               0         81       1461      0.413         40
      1          0               0         96       1942      0.483         40
      1          0               0         99       1947      0.588         40
      1          0               0         90       1997      0.457         40
      1          0               0         95       2078      0.506         40
      1          0               0         97       1637      0.474         40
      1          0               0         91       1880      0.477         40
      1          0               0         86       1676      0.419         40
      1          0               0         89       2063      0.537         40
      1          0               0         94       2130      0.565         40
      1          0               0        102       2077      0.517         40
      1          0               0        102       1968      0.581         40
      1          0               0         87       2089      0.499         40
      1          0               0        105       2193      0.496         40
      1          0               0         91       2076      0.481         40
      1          0               0         98       2041      0.599         40
      1          0               0         95       1957      0.622         40
      1          0               0        102       2025      0.556         40
      1          0               0         99       1782      0.511         40
      1          0               0         92       2084      0.689         40
      1          0               0         87       1718      0.484         40
      1          0               0         81       1701      0.453         40
      1          0               0         97       2035      0.576         40
      1          0               0         89       1889      0.523         40
      1          0               0         92       1888      0.438         40
      1          0               0        100       2233      0.638         40
      1          0               0         72       1613      0.614         40
      1          0               0         95       1671      0.595         40
      1          0               0         94       2128      0.617         40
      1          0               0        105       2116      0.752         40
      1          0               0         89       1818      0.538         40
      1          0               0         98       1732      0.523         40
      1          0               0         92       1750      0.749         40
      1          0               0         88       1964      0.596         40
      1          0               0        103       2288      0.633         40
      1          0               0         87       2083      0.808         40
      1          0               0         89       1756      0.571         40
      1          0               0         98       1953      0.570         40
      1          0               0         87       1934      0.504         40
      1          0               0         94       1755      0.639         40
      1          0               0         92       1746      0.717         40
      1          0               0         96       1660      0.687         40
      1          0               0         79       1870      0.619         40
      1          0               0         96       2265      0.640         40
      1          0               0         95       1927      0.671         40
      1          0               0        103       2066      0.601         40
      1          0               0         76       1582      0.468         40
      1          0               0         94       1816      0.505         40
      1          0               0         90       2066      0.578         40
      1          0               0         93       1672      0.416         40
      1          0               0         82       1796      0.408         40
      1          0               0         83       1433      0.412         40
      1          0               0         96       2241      0.546         40
      1          0               0         95       2123      0.491         40
      1          0               0         95       2139      0.583         40
      1          0               0         90       1814      0.413         40
      1          0               0         98       2290      0.546         40
      1          0               0         89       2010      0.560         40
      1          0               0         94       2337      0.480         40
      1          0               0        107       1999      0.684         40
      1          0               0         97       1956      0.601         40
      1          0               0         87       1883      0.546         40
      1          0               0         83       1857      0.651         40
      1          0               0         89       1860      0.486         40
      1          0               0         95       1841      0.627         40
      1          0               0         84       1595      0.553         40
      1          0               0        100       2312      0.684         40
      1          0               0         84       1775      0.401         40
      1          0               0         93       2373      0.557         40
      1          0               0         90       1917      0.440         40
      1          0               0        102       2251      0.722         40
      1          0               0         99       1999      0.546         40
      1          0               0         86       1912      0.448         40
      1          0               0         87       1739      0.522         40
      1          0               0         91       1822      0.459         40
      1          0               0         96       2210      0.590         40
      1          0               0         89       2121      0.484         40
      1          0               0         78       1764      0.525         40
      1          0               0         88       1865      0.464         40
      1          0               0         83       1766      0.419         40
      1          0               0         95       1891      0.465         40
      1          0               0         99       2121      0.639         40
      1          0               0         92       1812      0.499         40
      1          0               0         90       1875      0.499         40
      1          0               0         83       1783      0.467         40
      1          0               0         81       1720      0.426         40
      1          0               0         96       2095      0.479         40
      1          0               0         84       2277      0.643         50
      1          0               0         99       2827      0.786         50
      1          0               0         85       2263      0.659         50
      1          0               0        101       2585      0.838         50
      1          0               0        101       2737      0.755         50
      1          0               0         91       2587      0.737         50
      1          0               0         85       2330      0.812         50
      1          0               0         90       2460      0.636         50
      1          0               0         87       2551      0.706         50
      1          0               0         93       2485      0.750         50
      1          0               0         85       2429      0.675         50
      1          0               0         79       2187      0.601         50
      1          0               0         95       2343      0.728         50
      1          0               0         87       1933      0.670         50
      1          0               0         94       2464      0.667         50
      1          0               0         95       2493      0.843         50
      1          0               0         89       2587      0.679         50
      1          0               0         96       2616      0.754         50
      1          0               0        103       2131      0.741         50
      1          0               0         91       2319      0.761         50
      1          0               0         85       2088      0.594         50
      1          0               0         88       2605      0.759         50
      1          0               0         93       2612      0.743         50
      1          0               0        106       2705      0.783         50
      1          0               0        100       2630      0.874         50
      1          0               0         95       2556      0.793         50
      1          0               0        101       2762      0.662         50
      1          0               0         99       2679      0.768         50
      1          0               0         96       2432      0.886         50
      1          0               0         90       2729      0.737         50
      1          0               0        101       2535      0.675         50
      1          0               0         97       2242      0.682         50
      1          0               0         97       2687      0.767         50
      1          0               0         98       2293      0.812         50
      1          0               0         97       2174      0.770         50
      1          0               0        100       2687      0.814         50
      1          0               0         92       2370      0.886         50
      1          0               0         91       2389      0.624         50
      1          0               0        102       2760      0.713         50
      1          0               0         81       2172      0.672         50
      1          0               0         93       2179      0.730         50
      1          0               0         91       2589      0.654         50
      1          0               0        103       2717      0.711         50
      1          0               0         90       2341      0.766         50
      1          0               0        102       2547      0.808         50
      1          0               0         91       2309      0.734         50
      1          0               0         87       2408      0.629         50
      1          0               0        107       2802      0.912         50
      1          0               0         85       2496      0.735         50
      1          0               0         88       2339      0.723         50
      1          0               0         99       2598      0.785         50
      1          0               0         87       2439      0.785         50
      1          0               0         92       2302      0.608         50
      1          0               0         95       2262      0.637         50
      1          0               0         97       2275      0.732         50
      1          0               0         84       2411      0.677         50
      1          0               0         95       2788      0.843         50
      1          0               0         94       2265      0.753         50
      1          0               0        102       2586      0.954         50
      1          0               0         93       2094      1.105         50
      1          0               0         95       2429      0.938         50
      1          0               0         95       2561      1.195         50
      1          0               0         96       2370      0.882         50
      1          0               0         88       2475      0.782         50
      1          0               0         82       1940      0.793         50
      1          0               0        105       2756      1.154         50
      1          0               0         95       2640      0.835         50
      1          0               0         99       2667      1.097         50
      1          0               0         90       2472      0.740         50
      1          0               0        102       2877      1.025         50
      1          0               0        100       2550      1.095         50
      1          0               0         96       2869      0.702         50
      1          0               0        109       2508      1.478         50
      1          0               0         99       2491      1.165         50
      1          0               0         87       2414      1.074         50
      1          0               0         95       2410      0.686         50
      1          0               0         95       2651      0.749         50
      1          0               0         95       2242      0.799         50
      1          0               0         85       2023      0.650         50
      1          0               0        100       2719      1.063         50
      1          0               0         89       2558      0.615         50
      1          0               0         99       2983      0.867         50
      1          0               0         88       2317      0.822         50
      1          0               0         98       2615      1.011         50
      1          0               0         98       2844      0.869         50
      1          0               0         90       2464      0.717         50
      1          0               0         85       2294      0.873         50
      1          0               0         92       2362      0.753         50
      1          0               0         97       2683      0.857         50
      1          0               0         90       2640      0.794         50
      1          0               0         77       2295      0.714         50
      1          0               0         92       2439      0.705         50
      1          0               0         85       2423      0.676         50
      1          0               0         97       2327      0.690         50
      1          0               0         97       2902      1.076         50
      1          0               0        100       2334      0.774         50
      1          0               0         97       2438      0.773         50
      1          0               0         86       2306      0.999         50
      1          0               0         79       2249      0.634         50
      1          0               0         97       2595      0.753         50
      1          0               0         90       2816      1.366         60
      1          0               0        102       3388      1.722         60
      1          0               0         88       2762      1.086         60
      1          0               0        100       3102      1.267         60
      1          0               0        102       3331      1.326         60
      1          0               0         94       3225      1.151         60
      1          0               0         90       2798      1.426         60
      1          0               0         89       2981      0.920         60
      1          0               0         92       3200      0.983         60
      1          0               0        104       3255      1.331         60
      1          0               0         87       2883      1.008         60
      1          0               0         91       2831      1.213         60
      1          0               0         94       2982      1.325         60
      1          0               0         87       2507      1.145         60
      1          0               0         93       2858      1.081         60
      1          0               0         99       3169      1.479         60
      1          0               0         96       3191      1.332         60
      1          0               0         95       3013      1.364         60
      1          0               0        100       2478      1.225         60
      1          0               0         92       2818      1.142         60
      1          0               0         85       2562      0.944         60
      1          0               0         88       3109      1.090         60
      1          0               0         96       3293      1.117         60
      1          0               0        107       3240      1.129         60
      1          0               0        100       3183      1.179         60
      1          0               0         95       3155      1.308         60
      1          0               0        101       3297      1.028         60
      1          0               0        100       3316      1.661         60
      1          0               0         96       3141      1.811         60
      1          0               0         97       3378      1.774         60
      1          0               0        100       3038      1.400         60
      1          0               0         96       2687      1.159         60
      1          0               0         97       3193      1.292         60
      1          0               0         96       3076      1.338         60
      1          0               0         97       2703      1.045         60
      1          0               0         97       3095      1.064         60
      1          0               0         94       3022      1.275         60
      1          0               0         90       2917      0.999         60
      1          0               0        102       3222      0.944         60
      1          0               0         81       2698      0.961         60
      1          0               0         93       2789      1.074         60
      1          0               0         93       3193      1.119         60
      1          0               0        105       3293      1.067         60
      1          0               0         91       2865      1.209         60
      1          0               0        103       3199      1.122         60
      1          0               0         89       2845      1.269         60
      1          0               0         91       3109      0.988         60
      1          0               0        109       3537      1.275         60
      1          0               0         91       3321      1.254         60
      1          0               0         89       2824      1.469         60
      1          0               0         98       3002      1.374         60
      1          0               0        101       3142      1.579         60
      1          0               0         94       2885      1.345         60
      1          0               0         96       2839      0.885         60
      1          0               0         95       2901      1.216         60
      1          0               0         81       3044      1.392         60
      1          0               0         95       3366      1.620         60
      1          0               0         96       2965      1.042         60
      1          0               0        102       3156      1.343         60
      1          0               0        105       2826      1.371         60
      1          0               0         96       2790      1.131         60
      1          0               0         93       3085      1.287         60
      1          0               0        102       2995      1.033         60
      1          0               0         89       3071      0.881         60
      1          0               0         94       2415      1.043         60
      1          0               0        103       3288      1.311         60
      1          0               0         96       3241      1.017         60
      1          0               0        103       3294      1.430         60
      1          0               0         89       2933      1.097         60
      1          0               0        111       3679      1.481         60
      1          0               0        105       3101      1.053         60
      1          0               0         99       3403      0.983         60
      1          0               0        112       2940      1.528         60
      1          0               0         99       3253      1.289         60
      1          0               0         92       3179      1.442         60
      1          0               0         96       3026      1.049         60
      1          0               0        100       3229      1.155         60
      1          0               0         98       3004      1.262         60
      1          0               0         86       2629      1.150         60
      1          0               0         98       3046      1.416         60
      1          0               0         93       3039      1.062         60
      1          0               0        105       3363      1.551         60
      1          0               0         96       3094      1.365         60
      1          0               0        101       3258      1.858         60
      1          0               0        105       3376      1.535         60
      1          0               0         88       2979      1.248         60
      1          0               0         85       2843      1.254         60
      1          0               0         92       3116      1.137         60
      1          0               0         96       3251      1.304         60
      1          0               0         91       3098      1.083         60
      1          0               0         86       2800      1.032         60
      1          0               0         90       2968      1.061         60
      1          0               0         98       2907      1.192         60
      1          0               0        103       2947      1.125         60
      1          0               0        106       3631      1.557         60
      1          0               0         99       2819      1.213         60
      1          0               0        100       3022      1.300         60
      1          0               0         86       2805      1.149         60
      1          0               0         79       2919      0.996         60
      1          0               0         94       3023      1.055         60
