success  collision  collision_obst   makespan   flowtime    runtime     number
      1          0               0         66        175      0.042          5
      1          0               0        134        400      0.083          5
      1          0               0         40        125      0.026          5
      1          0               0        162        384      0.103          5
      1          0               0         99        213      0.068          5
      1          0               0        114        311      0.072          5
      1          0               0         72        147      0.044          5
      1          0               0         79        230      0.053          5
      1          0               0        146        315      0.089          5
      1          0               0         34         88      0.021          5
      1          0               0         80        192      0.049          5
      1          0               0        108        429      0.079          5
      1          0               0        115        366      0.071          5
      1          0               0         41        112      0.026          5
      1          0               0        134        326      0.088          5
      1          0               0         74        164      0.049          5
      1          0               0         85        199      0.052          5
      1          0               0         55        148      0.039          5
      1          0               0         62        192      0.038          5
      1          0               0        145        291      0.088          5
      1          0               0        159        400      0.105          5
      1          0               0        113        335      0.070          5
      1          0               0         88        238      0.057          5
      1          0               0        114        409      0.073          5
      1          0               0         57        137      0.036          5
      1          0               0         87        214      0.053          5
      1          0               0        145        237      0.094          5
      1          0               0         75        228      0.047          5
      1          0               0        101        195      0.061          5
      1          0               0         66        116      0.041          5
      1          0               0        112        226      0.071          5
      1          0               0         67        120      0.041          5
      1          0               0         82        178      0.050          5
      1          0               0         20         53      0.022          5
      1          0               0         98        166      0.058          5
      1          0               0         87        231      0.053          5
      1          0               0         89        303      0.058          5
      1          0               0        167        317      0.100          5
      1          0               0        145        197      0.086          5
      1          0               0        101        185      0.060          5
      1          0               0         96        233      0.058          5
      1          0               0         85        224      0.052          5
      1          0               0         25         87      0.015          5
      1          0               0        134        326      0.087          5
      1          0               0        148        283      0.088          5
      1          0               0         50        148      0.031          5
      1          0               0        128        334      0.094          5
      1          0               0         63        167      0.042          5
      1          0               0        125        239      0.077          5
      1          0               0        128        380      0.077          5
      1          0               0        173        436      0.128          6
      1          0               0        139        281      0.100          6
      1          0               0         39        136      0.030          6
      1          0               0        162        465      0.118          6
      1          0               0         62        171      0.051          6
      1          0               0        150        335      0.109          6
      1          0               0         84        290      0.065          6
      1          0               0         76        256      0.060          6
      1          0               0        145        277      0.137          6
      1          0               0         35         97      0.028          6
      1          0               0        121        258      0.088          6
      1          0               0         60        197      0.049          6
      1          0               0        128        469      0.094          6
      1          0               0         41        130      0.031          6
      1          0               0        125        435      0.101          6
      1          0               0        103        242      0.077          6
      1          0               0         83        217      0.060          6
      1          0               0         55        187      0.050          6
      1          0               0         91        218      0.068          6
      1          0               0        117        325      0.086          6
      1          0               0        144        454      0.113          6
      1          0               0        157        327      0.115          6
      1          0               0         98        263      0.074          6
      1          0               0        107        402      0.079          6
      1          0               0         78        215      0.057          6
      1          0               0         93        277      0.069          6
      1          0               0        145        346      0.104          6
      1          0               0         74        182      0.055          6
      1          0               0        140        229      0.118          6
      1          0               0        121        263      0.103          6
      1          0               0        110        298      0.084          6
      1          0               0         79        199      0.057          6
      1          0               0         81        187      0.060          6
      1          0               0         66        120      0.048          6
      1          0               0         47        111      0.034          6
      1          0               0        117        364      0.088          6
      1          0               0         79        227      0.060          6
      1          0               0         87        152      0.062          6
      1          0               0        129        305      0.093          6
      1          0               0         97        152      0.069          6
      1          0               0        104        302      0.078          6
      1          0               0         73        172      0.054          6
      1          0               0         89        183      0.064          6
      1          0               0        145        469      0.110          6
      1          0               0         37        101      0.027          6
      1          0               0         84        232      0.061          6
      1          0               0        119        329      0.091          6
      1          0               0         95        318      0.074          6
      1          0               0        126        318      0.096          6
      1          0               0        143        449      0.112          6
      1          0               0        164        530      0.167          7
      1          0               0         75        259      0.064          7
      1          0               0         39        158      0.034          7
      1          0               0        159        471      0.150          7
      1          0               0        100        231      0.090          7
      1          0               0        149        392      0.129          7
      1          0               0         82        308      0.075          7
      1          0               0         80        317      0.082          7
      1          0               0        160        369      0.136          7
      1          0               0         42        124      0.039          7
      1          0               0        110        263      0.095          7
      1          0               0        105        261      0.096          7
      1          0               0        129        479      0.110          7
      1          0               0         42        172      0.038          7
      1          0               0        140        486      0.126          7
      1          0               0        158        481      0.167          7
      1          0               0         83        260      0.075          7
      1          0               0         55        237      0.059          7
      1          0               0         91        233      0.080          7
      1          0               0        117        389      0.101          7
      1          0               0        135        431      0.122          7
      1          0               0        167        524      0.143          7
      1          0               0         93        285      0.083          7
      1          0               0        102        298      0.089          7
      1          0               0         78        226      0.068          7
      1          0               0         56        119      0.048          7
      1          0               0        110        304      0.095          7
      1          0               0         72        180      0.061          7
      1          0               0        170        359      0.146          7
      1          0               0         86        175      0.074          7
      1          0               0        109        388      0.094          7
      1          0               0         79        210      0.068          7
      1          0               0         90        219      0.103          7
      1          0               0         24         97      0.036          7
      1          0               0         50        145      0.045          7
      1          0               0        116        432      0.107          7
      1          0               0         79        240      0.074          7
      1          0               0         93        245      0.079          7
      1          0               0        141        332      0.123          7
      1          0               0        115        196      0.099          7
      1          0               0         65        210      0.058          7
      1          0               0        126        312      0.109          7
      1          0               0         47        173      0.041          7
      1          0               0        145        469      0.129          7
      1          0               0         70        145      0.058          7
      1          0               0         45        153      0.038          7
      1          0               0        125        454      0.114          7
      1          0               0         93        337      0.088          7
      1          0               0        135        563      0.125          7
      1          0               0         84        187      0.076          7
      1          0               0        165        532      0.211          8
      1          0               0        167        406      0.167          8
      1          0               0         39        170      0.041          8
      1          0               0        211        645      0.229          8
      1          0               0        107        246      0.112          8
      1          0               0        127        316      0.125          8
      1          0               0         80        322      0.086          8
      1          0               0         78        322      0.093          8
      1          0               0        145        471      0.153          8
      1          0               0         48        169      0.051          8
      1          0               0        150        364      0.150          8
      1          0               0        106        216      0.112          8
      1          0               0        135        619      0.135          8
      1          0               0         39        187      0.070          8
      1          0               0        138        535      0.162          8
      1          0               0        175        456      0.179          8
      1          0               0        153        480      0.162          8
      1          0               0         81        296      0.089          8
      1          0               0         97        330      0.099          8
      1          0               0         97        332      0.107          8
      1          0               0        171        576      0.185          8
      1          0               0        114        260      0.113          8
      1          0               0         35        138      0.041          8
      1          0               0        113        378      0.114          8
      1          0               0         62        168      0.063          8
      1          0               0         48        116      0.049          8
      1          0               0        145        476      0.183          8
      1          0               0         39        107      0.042          8
      1          0               0         84        241      0.086          8
      1          0               0         22         86      0.022          8
      1          0               0        107        385      0.110          8
      1          0               0         79        242      0.079          8
      1          0               0         97        264      0.106          8
      1          0               0         24        101      0.026          8
      1          0               0         88        206      0.095          8
      1          0               0        104        350      0.121          8
      1          0               0         89        272      0.104          8
      1          0               0         67        138      0.071          8
      1          0               0        172        457      0.188          8
      1          0               0        117        254      0.128          8
      1          0               0         52        152      0.057          8
      1          0               0        137        444      0.147          8
      1          0               0        136        291      0.142          8
      1          0               0        142        605      0.166          8
      1          0               0         70        144      0.071          8
      1          0               0         49        157      0.051          8
      1          0               0        121        443      0.131          8
      1          0               0         94        305      0.108          8
      1          0               0        132        662      0.151          8
      1          0               0        106        328      0.124          8
      1          0               0        165        560      0.220          9
      1          0               0        185        628      0.232          9
      1          0               0         47        195      0.061          9
      1          0               0         98        291      0.133          9
      1          0               0         71        203      0.092          9
      1          0               0         67        228      0.088          9
      1          0               0         42        148      0.055          9
      1          0               0        142        494      0.194          9
      1          0               0        153        607      0.200          9
      1          0               0         48        201      0.061          9
      1          0               0        152        498      0.188          9
      1          0               0        128        368      0.188          9
      1          0               0        133        750      0.171          9
      1          0               0         99        280      0.122          9
      1          0               0        159        583      0.209          9
      1          0               0        179        694      0.226          9
      1          0               0         89        345      0.116          9
      1          0               0         80        315      0.120          9
      1          0               0        127        462      0.160          9
      1          0               0         93        414      0.132          9
      1          0               0        167        566      0.222          9
      1          0               0         94        226      0.115          9
      1          0               0         83        280      0.143          9
      1          0               0        112        487      0.153          9
      1          0               0         87        232      0.107          9
      1          0               0         50        166      0.067          9
      1          0               0         57        229      0.077          9
      1          0               0        106        239      0.138          9
      1          0               0        120        376      0.157          9
      1          0               0         28        114      0.036          9
      1          0               0        107        384      0.139          9
      1          0               0        113        266      0.136          9
      1          0               0         93        336      0.126          9
      1          0               0        101        202      0.126          9
      1          0               0         71        189      0.087          9
      1          0               0        111        503      0.159          9
      1          0               0         89        320      0.125          9
      1          0               0        185        308      0.221          9
      1          0               0        114        383      0.149          9
      1          0               0        105        269      0.137          9
      1          0               0         42        169      0.055          9
      1          0               0        105        340      0.132          9
      1          0               0        123        387      0.150          9
      1          0               0        138        631      0.196          9
      1          0               0        185        430      0.219          9
      1          0               0         77        223      0.089          9
      1          0               0        124        435      0.150          9
      1          0               0         95        356      0.142          9
      1          0               0        129        667      0.167          9
      1          0               0        126        556      0.171          9
      1          0               0        143        535      0.225         10
      1          0               0        132        554      0.185         10
      1          0               0         57        238      0.102         10
      1          0               0        104        376      0.157         10
      1          0               0         26        125      0.037         10
      1          0               0         78        280      0.114         10
      1          0               0         56        210      0.080         10
      1          0               0        141        616      0.219         10
      1          0               0        154        678      0.236         10
      1          0               0         48        204      0.068         10
      1          0               0        153        749      0.218         10
      1          0               0        129        494      0.230         10
      1          0               0         83        471      0.113         10
      1          0               0         99        319      0.134         10
      1          0               0        186        665      0.277         10
      1          0               0        199        669      0.268         10
      1          0               0         90        388      0.130         10
      1          0               0         62        303      0.104         10
      1          0               0        137        554      0.189         10
      1          0               0         94        333      0.141         10
      1          0               0        179        655      0.257         10
      1          0               0         85        338      0.122         10
      1          0               0         93        373      0.133         10
      1          0               0         59        253      0.098         10
      1          0               0         67        161      0.091         10
      1          0               0         48        164      0.065         10
      1          0               0         56        234      0.079         10
      1          0               0        132        209      0.177         10
      1          0               0         81        307      0.112         10
      1          0               0         52        166      0.069         10
      1          0               0        107        434      0.146         10
      1          0               0        115        311      0.148         10
      1          0               0        137        428      0.203         10
      1          0               0        154        372      0.197         10
      1          0               0         71        211      0.090         10
      1          0               0        111        572      0.169         10
      1          0               0         79        302      0.109         10
      1          0               0        184        295      0.277         10
      1          0               0        166        417      0.232         10
      1          0               0        127        382      0.166         10
      1          0               0         98        378      0.127         10
      1          0               0        105        339      0.152         10
      1          0               0        137        491      0.178         10
      1          0               0        183        838      0.249         10
      1          0               0        149        431      0.187         10
      1          0               0         77        238      0.099         10
      1          0               0        132        450      0.172         10
      1          0               0         95        448      0.145         10
      1          0               0        129        670      0.180         10
      1          0               0        138        597      0.198         10
