success  collision  collision_obst   makespan   flowtime    runtime     number
      1          0               0        109        555      0.157         10
      1          0               0         94        552      0.085         10
      1          0               0        103        696      0.090         10
      1          0               0         80        517      0.075         10
      1          0               0         99        702      0.085         10
      1          0               0         93        623      0.080         10
      1          0               0        103        539      0.095         10
      1          0               0         63        369      0.056         10
      1          0               0         91        572      0.076         10
      1          0               0         84        507      0.071         10
      1          0               0        117        648      0.098         10
      1          0               0        112        641      0.138         10
      1          0               0        104        654      0.090         10
      1          0               0         87        436      0.072         10
      1          0               0         95        525      0.079         10
      1          0               0         98        594      0.085         10
      1          0               0         97        515      0.080         10
      1          0               0        106        474      0.088         10
      1          0               0        108        527      0.089         10
      1          0               0        111        660      0.094         10
      1          0               0        112        648      0.093         10
      1          0               0        108        516      0.090         10
      1          0               0        114        436      0.093         10
      1          0               0         75        425      0.064         10
      1          0               0         93        611      0.079         10
      1          0               0        103        546      0.086         10
      1          0               0        104        596      0.101         10
      1          0               0         93        447      0.081         10
      1          0               0        116        681      0.107         10
      1          0               0         86        449      0.073         10
      1          0               0        101        567      0.089         10
      1          0               0        101        568      0.090         10
      1          0               0         90        527      0.078         10
      1          0               0        101        499      0.087         10
      1          0               0        108        654      0.131         10
      1          0               0        107        661      0.095         10
      1          0               0         95        580      0.089         10
      1          0               0        101        571      0.088         10
      1          0               0        125        713      0.104         10
      1          0               0         91        669      0.086         10
      1          0               0         93        613      0.080         10
      1          0               0         99        461      0.085         10
      1          0               0         86        554      0.076         10
      1          0               0        107        605      0.091         10
      1          0               0        103        613      0.086         10
      1          0               0        108        579      0.102         10
      1          0               0         77        440      0.065         10
      1          0               0         87        462      0.074         10
      1          0               0         85        554      0.073         10
      1          0               0        117        761      0.100         10
      1          0               0        135        503      0.116         10
      1          0               0         98        534      0.095         10
      1          0               0         89        568      0.074         10
      1          0               0         94        629      0.081         10
      1          0               0        104        701      0.103         10
      1          0               0        129        627      0.170         10
      1          0               0         80        473      0.080         10
      1          0               0        116        614      0.103         10
      1          0               0        103        564      0.088         10
      1          0               0        106        481      0.098         10
      1          0               0        114        600      0.097         10
      1          0               0         89        530      0.074         10
      1          0               0         95        470      0.089         10
      1          0               0        117        654      0.109         10
      1          0               0         94        585      0.082         10
      1          0               0         85        580      0.074         10
      1          0               0        100        633      0.086         10
      1          0               0        113        629      0.100         10
      1          0               0         87        531      0.073         10
      1          0               0         98        564      0.085         10
      1          0               0         88        567      0.074         10
      1          0               0         84        418      0.070         10
      1          0               0         97        694      0.090         10
      1          0               0        113        682      0.096         10
      1          0               0        117        575      0.100         10
      1          0               0         97        552      0.083         10
      1          0               0         97        553      0.087         10
      1          0               0         99        625      0.089         10
      1          0               0         97        542      0.082         10
      1          0               0         92        521      0.080         10
      1          0               0        108        546      0.091         10
      1          0               0         88        512      0.074         10
      1          0               0         83        580      0.071         10
      1          0               0         76        475      0.066         10
      1          0               0         87        655      0.077         10
      1          0               0        110        544      0.097         10
      1          0               0         96        475      0.081         10
      1          0               0        117        756      0.121         10
      1          0               0         79        510      0.067         10
      1          0               0         84        524      0.071         10
      1          0               0        107        561      0.089         10
      1          0               0        101        761      0.086         10
      1          0               0         76        480      0.064         10
      1          0               0        105        612      0.095         10
      1          0               0        113        613      0.113         10
      1          0               0        102        491      0.084         10
      1          0               0         94        612      0.081         10
      1          0               0         94        536      0.085         10
      1          0               0        116        649      0.109         10
      1          0               0         85        623      0.073         10
      1          0               0         93        501      0.079         10
      1          0               0         98        621      0.082         10
      1          0               0         75        563      0.064         10
      1          0               0         94        608      0.081         10
      1          0               0        113        616      0.100         10
      1          0               0        124        635      0.106         10
      1          0               0        119        672      0.101         10
      1          0               0         97        522      0.083         10
      1          0               0         90        492      0.075         10
      1          0               0         92        600      0.077         10
      1          0               0         88        491      0.074         10
      1          0               0         92        459      0.080         10
      1          0               0        101        621      0.089         10
      1          0               0         81        524      0.070         10
      1          0               0         90        625      0.080         10
      1          0               0         91        502      0.093         10
      1          0               0         88        586      0.083         10
      1          0               0        104        649      0.088         10
      1          0               0         98        534      0.082         10
      1          0               0        100        483      0.084         10
      1          0               0         79        520      0.071         10
      1          0               0         82        598      0.075         10
      1          0               0         69        436      0.060         10
      1          0               0        125        653      0.111         10
      1          0               0        102        435      0.083         10
      1          0               0         96        621      0.082         10
      1          0               0         87        644      0.077         10
      1          0               0         84        518      0.074         10
      1          0               0         93        554      0.085         10
      1          0               0        117        597      0.101         10
      1          0               0        104        521      0.089         10
      1          0               0        125        665      0.108         10
      1          0               0         85        376      0.073         10
      1          0               0         74        465      0.065         10
      1          0               0         95        574      0.085         10
      1          0               0         75        455      0.064         10
      1          0               0         97        571      0.082         10
      1          0               0         88        671      0.075         10
      1          0               0         88        549      0.122         10
      1          0               0        105        515      0.088         10
      1          0               0        100        581      0.125         10
      1          0               0        102        644      0.095         10
      1          0               0         76        469      0.071         10
      1          0               0         81        557      0.071         10
      1          0               0        112        638      0.095         10
      1          0               0         76        449      0.066         10
      1          0               0         85        493      0.074         10
      1          0               0        106        439      0.093         10
      1          0               0        104        711      0.096         10
      1          0               0         96        631      0.083         10
      1          0               0        111        447      0.098         10
      1          0               0         83        470      0.072         10
      1          0               0         94        564      0.081         10
      1          0               0        116        651      0.100         10
      1          0               0         97        462      0.084         10
      1          0               0         91        408      0.085         10
      1          0               0         99        634      0.087         10
      1          0               0        106        505      0.093         10
      1          0               0        109        726      0.152         10
      1          0               0         84        464      0.074         10
      1          0               0         83        636      0.075         10
      1          0               0         59        374      0.053         10
      1          0               0         97        502      0.083         10
      1          0               0         95        637      0.100         10
      1          0               0         75        413      0.065         10
      1          0               0         85        468      0.074         10
      1          0               0        120        703      0.101         10
      1          0               0         88        524      0.075         10
      1          0               0        104        548      0.088         10
      1          0               0        113        755      0.097         10
      1          0               0         90        450      0.080         10
      1          0               0        124        593      0.121         10
      1          0               0         93        587      0.090         10
      1          0               0        112        646      0.101         10
      1          0               0         98        550      0.084         10
      1          0               0        103        577      0.090         10
      1          0               0        105        564      0.092         10
      1          0               0         82        303      0.068         10
      1          0               0         84        553      0.084         10
      1          0               0         74        427      0.066         10
      1          0               0        100        615      0.092         10
      1          0               0         95        388      0.116         10
      1          0               0         94        559      0.082         10
      1          0               0        107        634      0.100         10
      1          0               0        100        537      0.098         10
      1          0               0        104        564      0.092         10
      1          0               0        103        586      0.087         10
      1          0               0        104        616      0.091         10
      1          0               0        120        595      0.106         10
      1          0               0         96        624      0.084         10
      1          0               0         90        477      0.079         10
      1          0               0        113        681      0.096         10
      1          0               0         96        505      0.084         10
      1          0               0        126        598      0.106         10
      1          0               0        122        569      0.105         10
      1          0               0         85        505      0.072         10
      1          0               0        113        670      0.097         10
      1          0               0        116        467      0.098         10
      1          0               0         98        437      0.130         10
      1          0               0        106        571      0.095         10
      1          0               0         82        511      0.082         10
      1          0               0        112        628      0.095         10
      1          0               0         94        638      0.081         10
      1          0               0        109        556      0.096         10
      1          0               0         84        506      0.075         10
