success  collision  collision_obst   makespan   flowtime    runtime     number
      1          0               0         86        257      0.041          5
      1          0               0         95        312      0.044          5
      1          0               0         96        338      0.046          5
      1          0               0         60        275      0.028          5
      1          0               0         99        395      0.047          5
      1          0               0         78        329      0.039          5
      1          0               0        103        334      0.048          5
      1          0               0         41        166      0.019          5
      1          0               0         87        270      0.045          5
      1          0               0         85        298      0.041          5
      1          0               0        116        358      0.059          5
      1          0               0        110        292      0.052          5
      1          0               0        105        358      0.050          5
      1          0               0         76        192      0.035          5
      1          0               0         95        275      0.045          5
      1          0               0         98        286      0.045          5
      1          0               0         52        141      0.024          5
      1          0               0        105        292      0.050          5
      1          0               0        108        285      0.058          5
      1          0               0        107        277      0.051          5
      1          0               0         70        252      0.034          5
      1          0               0        109        212      0.052          5
      1          0               0        115        246      0.053          5
      1          0               0         75        196      0.034          5
      1          0               0         93        286      0.045          5
      1          0               0         94        250      0.044          5
      1          0               0         93        246      0.044          5
      1          0               0         93        260      0.044          5
      1          0               0        109        310      0.052          5
      1          0               0         86        234      0.042          5
      1          0               0        101        251      0.047          5
      1          0               0         87        214      0.041          5
      1          0               0         59        193      0.028          5
      1          0               0        101        307      0.047          5
      1          0               0        108        361      0.051          5
      1          0               0        107        331      0.049          5
      1          0               0         95        275      0.044          5
      1          0               0         56        208      0.027          5
      1          0               0         87        289      0.041          5
      1          0               0         85        359      0.040          5
      1          0               0         91        300      0.044          5
      1          0               0         43        147      0.020          5
      1          0               0         86        296      0.041          5
      1          0               0        108        317      0.052          5
      1          0               0        103        332      0.049          5
      1          0               0        108        292      0.053          5
      1          0               0         78        253      0.036          5
      1          0               0         87        206      0.041          5
      1          0               0         81        247      0.039          5
      1          0               0        117        417      0.055          5
      1          0               0         86        290      0.046          6
      1          0               0         95        374      0.051          6
      1          0               0         96        397      0.052          6
      1          0               0         60        312      0.033          6
      1          0               0         99        413      0.056          6
      1          0               0         93        422      0.053          6
      1          0               0        103        379      0.056          6
      1          0               0         41        179      0.023          6
      1          0               0         86        335      0.047          6
      1          0               0         85        336      0.048          6
      1          0               0        116        402      0.064          6
      1          0               0        113        405      0.061          6
      1          0               0        105        393      0.057          6
      1          0               0         76        229      0.041          6
      1          0               0         95        349      0.051          6
      1          0               0         97        371      0.052          6
      1          0               0         76        217      0.041          6
      1          0               0        105        301      0.057          6
      1          0               0        108        349      0.058          6
      1          0               0        107        314      0.057          6
      1          0               0         83        335      0.045          6
      1          0               0        109        275      0.058          6
      1          0               0        115        251      0.062          6
      1          0               0         75        219      0.040          6
      1          0               0         93        355      0.052          6
      1          0               0         94        264      0.051          6
      1          0               0         93        262      0.051          6
      1          0               0         93        281      0.051          6
      1          0               0        109        321      0.059          6
      1          0               0         86        243      0.047          6
      1          0               0        101        365      0.055          6
      1          0               0         87        278      0.047          6
      1          0               0         82        275      0.045          6
      1          0               0        101        323      0.054          6
      1          0               0        108        418      0.059          6
      1          0               0        107        397      0.060          6
      1          0               0         95        316      0.052          6
      1          0               0        101        309      0.055          6
      1          0               0         87        343      0.049          6
      1          0               0         85        403      0.048          6
      1          0               0         91        367      0.051          6
      1          0               0         73        220      0.042          6
      1          0               0         86        378      0.048          6
      1          0               0        108        366      0.060          6
      1          0               0        103        414      0.060          6
      1          0               0        108        304      0.061          6
      1          0               0         78        273      0.042          6
      1          0               0         87        216      0.047          6
      1          0               0         85        331      0.047          6
      1          0               0        117        472      0.063          6
      1          0               0         86        300      0.053          7
      1          0               0         94        444      0.058          7
      1          0               0        104        501      0.064          7
      1          0               0         60        365      0.037          7
      1          0               0         99        482      0.062          7
      1          0               0         93        462      0.059          7
      1          0               0        103        433      0.062          7
      1          0               0         46        238      0.028          7
      1          0               0         91        426      0.056          7
      1          0               0         85        357      0.054          7
      1          0               0        116        478      0.071          7
      1          0               0        113        445      0.069          7
      1          0               0        104        465      0.064          7
      1          0               0         76        292      0.047          7
      1          0               0         95        397      0.058          7
      1          0               0         97        418      0.062          7
      1          0               0         76        285      0.047          7
      1          0               0        105        332      0.063          7
      1          0               0        108        389      0.067          7
      1          0               0        107        395      0.065          7
      1          0               0         83        411      0.052          7
      1          0               0        109        337      0.068          7
      1          0               0        116        322      0.071          7
      1          0               0         75        238      0.046          7
      1          0               0         93        420      0.057          7
      1          0               0        103        366      0.063          7
      1          0               0         92        341      0.060          7
      1          0               0         93        358      0.060          7
      1          0               0        108        387      0.068          7
      1          0               0         86        278      0.053          7
      1          0               0        101        419      0.061          7
      1          0               0         87        330      0.053          7
      1          0               0         82        337      0.051          7
      1          0               0        101        407      0.061          7
      1          0               0        108        505      0.066          7
      1          0               0        107        504      0.065          7
      1          0               0         95        387      0.059          7
      1          0               0        101        376      0.063          7
      1          0               0         87        390      0.054          7
      1          0               0         92        494      0.057          7
      1          0               0         91        426      0.057          7
      1          0               0         73        267      0.045          7
      1          0               0         86        421      0.053          7
      1          0               0        108        418      0.065          7
      1          0               0        103        490      0.064          7
      1          0               0        108        352      0.070          7
      1          0               0         77        332      0.049          7
      1          0               0         87        296      0.053          7
      1          0               0         85        397      0.053          7
      1          0               0        117        490      0.072          7
      1          0               0         86        366      0.059          8
      1          0               0         94        485      0.066          8
      1          0               0        103        552      0.072          8
      1          0               0         60        374      0.041          8
      1          0               0         99        565      0.069          8
      1          0               0         93        500      0.066          8
      1          0               0        103        445      0.070          8
      1          0               0         63        301      0.043          8
      1          0               0         91        506      0.062          8
      1          0               0         84        438      0.060          8
      1          0               0        116        521      0.080          8
      1          0               0        112        517      0.077          8
      1          0               0        104        549      0.072          8
      1          0               0         76        327      0.051          8
      1          0               0         95        455      0.066          8
      1          0               0         98        485      0.069          8
      1          0               0         89        374      0.061          8
      1          0               0        105        345      0.072          8
      1          0               0        108        462      0.074          8
      1          0               0        107        451      0.073          8
      1          0               0         83        479      0.058          8
      1          0               0        109        370      0.075          8
      1          0               0        115        362      0.077          8
      1          0               0         75        291      0.051          8
      1          0               0         93        472      0.064          8
      1          0               0        103        419      0.072          8
      1          0               0        104        444      0.071          8
      1          0               0         93        380      0.065          8
      1          0               0        108        491      0.076          8
      1          0               0         86        338      0.058          8
      1          0               0        101        469      0.069          8
      1          0               0         87        371      0.059          8
      1          0               0         82        411      0.058          8
      1          0               0        101        438      0.070          8
      1          0               0        108        574      0.075          8
      1          0               0        107        526      0.073          8
      1          0               0         95        461      0.066          8
      1          0               0        101        443      0.073          8
      1          0               0        126        564      0.086          8
      1          0               0         91        578      0.063          8
      1          0               0         93        519      0.064          8
      1          0               0         74        333      0.051          8
      1          0               0         86        461      0.060          8
      1          0               0        107        491      0.079          8
      1          0               0        103        521      0.073          8
      1          0               0        108        445      0.076          8
      1          0               0         77        341      0.053          8
      1          0               0         87        344      0.059          8
      1          0               0         85        483      0.060          8
      1          0               0        117        646      0.081          8
      1          0               0         86        414      0.065          9
      1          0               0         94        526      0.074          9
      1          0               0        103        623      0.079          9
      1          0               0         80        454      0.061          9
      1          0               0         99        661      0.077          9
      1          0               0         93        565      0.073          9
      1          0               0        103        468      0.077          9
      1          0               0         63        344      0.048          9
      1          0               0         91        568      0.070          9
      1          0               0         84        448      0.067          9
      1          0               0        117        638      0.089          9
      1          0               0        112        587      0.084          9
      1          0               0        104        562      0.080          9
      1          0               0         76        349      0.057          9
      1          0               0         95        481      0.073          9
      1          0               0         98        537      0.074          9
      1          0               0         97        471      0.073          9
      1          0               0        105        393      0.080          9
      1          0               0        108        499      0.083          9
      1          0               0        107        506      0.080          9
      1          0               0         83        537      0.064          9
      1          0               0        109        410      0.082          9
      1          0               0        114        419      0.084          9
      1          0               0         75        349      0.056          9
      1          0               0         93        550      0.072          9
      1          0               0        103        477      0.078          9
      1          0               0        104        532      0.079          9
      1          0               0         93        442      0.071          9
      1          0               0        116        608      0.091          9
      1          0               0         86        406      0.066          9
      1          0               0        101        535      0.077          9
      1          0               0        101        472      0.077          9
      1          0               0         90        501      0.069          9
      1          0               0        101        497      0.076          9
      1          0               0        108        613      0.084          9
      1          0               0        107        614      0.081          9
      1          0               0         95        517      0.078          9
      1          0               0        101        481      0.084          9
      1          0               0        125        642      0.095          9
      1          0               0         91        641      0.070          9
      1          0               0         93        561      0.070          9
      1          0               0         74        362      0.057          9
      1          0               0         86        532      0.065          9
      1          0               0        107        529      0.082          9
      1          0               0        103        553      0.077          9
      1          0               0        108        510      0.084          9
      1          0               0         77        401      0.058          9
      1          0               0         87        378      0.065          9
      1          0               0         85        546      0.066          9
      1          0               0        117        738      0.092          9
      1          0               0        109        555      0.090         10
      1          0               0         94        552      0.080         10
      1          0               0        103        696      0.086         10
      1          0               0         80        517      0.067         10
      1          0               0         99        702      0.084         10
      1          0               0         93        623      0.080         10
      1          0               0        103        539      0.085         10
      1          0               0         63        369      0.052         10
      1          0               0         91        572      0.077         10
      1          0               0         84        507      0.071         10
      1          0               0        117        648      0.097         10
      1          0               0        112        641      0.092         10
      1          0               0        104        654      0.087         10
      1          0               0         87        436      0.071         10
      1          0               0         95        525      0.079         10
      1          0               0         98        594      0.082         10
      1          0               0         97        515      0.080         10
      1          0               0        106        474      0.090         10
      1          0               0        108        527      0.090         10
      1          0               0        111        660      0.092         10
      1          0               0        112        648      0.093         10
      1          0               0        108        516      0.090         10
      1          0               0        114        436      0.092         10
      1          0               0         75        425      0.062         10
      1          0               0         93        611      0.078         10
      1          0               0        103        546      0.084         10
      1          0               0        104        596      0.092         10
      1          0               0         93        447      0.080         10
      1          0               0        116        681      0.098         10
      1          0               0         86        449      0.071         10
      1          0               0        101        567      0.084         10
      1          0               0        101        568      0.085         10
      1          0               0         90        527      0.077         10
      1          0               0        101        499      0.082         10
      1          0               0        108        654      0.093         10
      1          0               0        107        661      0.092         10
      1          0               0         95        580      0.079         10
      1          0               0        101        571      0.086         10
      1          0               0        125        713      0.103         10
      1          0               0         91        669      0.077         10
      1          0               0         93        613      0.078         10
      1          0               0         99        461      0.085         10
      1          0               0         86        554      0.072         10
      1          0               0        107        605      0.090         10
      1          0               0        103        613      0.089         10
      1          0               0        108        579      0.092         10
      1          0               0         77        440      0.063         10
      1          0               0         87        462      0.072         10
      1          0               0         85        554      0.072         10
      1          0               0        117        761      0.098         10
