success  collision  collision_obst   makespan   flowtime    runtime mean_groups     number
      1          0               0        637       2249      0.874      9.799         10
      1          0               0       1043       3642      3.362     19.819         20
      1          0               0        896       4693      5.172     29.779         30
      1          0               0        863       4578      7.110     39.610         40
      1          0               0        769       9122     10.102     49.211         50
      1          0               0       1133      16480     23.901     57.884         60
      1          0               0       1400      29575     34.682     66.459         70
      1          0               0       1133      20638     40.849     75.229         80
      1          0               0       1101      24989     49.549     83.813         90
      1          0               0       1391      35538     65.185     93.665        100
      1          0               0        690       3299      0.809      9.893         10
      1          0               0        744       4755      2.169     19.776         20
      1          0               0        922       7715      4.977     29.566         30
      1          0               0        648       8877      5.629     39.258         40
      1          0               0        582       8338      7.598     48.969         50
      1          0               0        912      10916     15.521     59.205         60
      1          0               0        867      13312     21.082     68.901         70
      1          0               0       1369      18406     39.091     79.219         80
      1          0               0        899      14452     32.851     88.696         90
      1          0               0        984      15867     46.840     98.682        100
      1          0               0        543       1649      0.687      9.926         10
      1          0               0       1107       5719      4.480     19.839         20
      1          0               0       1211       7946      7.897     29.721         30
      1          0               0       1212       8526     12.262     39.682         40
      1          0               0       1107       9132     15.856     48.716         50
      1          0               0       1445      21550     29.986     57.579         60
      1          0               0        997      15811     26.287     67.312         70
      1          0               0       1369      25386     48.516     76.899         80
      1          0               0       1275      21311     57.426     86.675         90
      1          0               0       1434      30652     71.737     96.275        100
      1          0               0        895       2336      1.063      9.940         10
      1          0               0       1265       6873      4.596     19.823         20
      1          0               0       1101       6354      7.502     28.748         30
      1          0               0       1405      14420     14.642     38.493         40
      1          0               0       1428      23311     20.359     47.485         50
      1          0               0       1237      20806     25.522     57.313         60
      1          0               0       1407      21129     36.275     65.737         70
      1          0               0       1113      25195     35.258     75.219         80
      1          0               0       1460      33282     58.692     84.647         90
      1          0               0       1573      34019     79.601     93.524        100
      1          0               0        856       2108      1.010      9.914         10
      1          0               0        885       4577      2.854     18.823         20
      1          0               0       1023       6801      6.365     27.233         30
      1          0               0        675       8261      6.441     36.847         40
      1          0               0       1393      15037     19.038     47.213         50
      1          0               0        836       9168     15.514     57.511         60
      1          0               0        756       8792     19.171     66.778         70
      1          0               0        996      10860     31.250     76.493         80
      1          0               0        996      13324     43.025     85.418         90
      1          0               0       1185      19232     55.705     94.864        100
      1          0               0        302        952      0.442      9.957         10
      1          0               0        540       3259      1.758     19.826         20
      1          0               0        838       7027      6.013     29.715         30
      1          0               0       1220       8234     13.609     39.586         40
      1          0               0        995       6117     14.035     49.612         50
      1          0               0        610       4970     12.664     59.154         60
      1          0               0       1396      13439     32.449     67.332         70
      1          0               0       1067      12406     32.805     76.265         80
      1          0               0       1427      16697     70.558     86.224         90
      1          0               0       1114      18705     95.113     95.289        100
      1          0               0        897       4039      1.776      9.757         10
      1          0               0        314       1403      1.577     19.799         20
      1          0               0        741       5521      7.038     29.371         30
      1          0               0       1289      11067     20.258     38.839         40
      1          0               0       1045      12939     24.023     48.527         50
      1          0               0       1173       9011     30.129     57.441         60
      1          0               0       1253      20373     55.557     66.869         70
      1          0               0       1373      19251     65.204     75.488         80
      1          0               0       1254      17017     54.282     85.504         90
      1          0               0       1483      26438     74.134     94.631        100
      1          0               0        642       1799      0.745      9.936         10
      1          0               0        490       3721      1.448     19.710         20
      1          0               0       1079       6589      5.893     29.711         30
      1          0               0       1215       7760     10.275     39.599         40
      1          0               0        685       8568      8.563     49.212         50
      1          0               0       1553      16404     28.257     59.469         60
      1          0               0       1279      13304     32.429     69.192         70
      1          0               0       1174      16957     39.141     77.714         80
      1          0               0        968      14507     37.557     87.569         90
      1          0               0        897      16500     43.289     97.056        100
      1          0               0        717       2309      0.932      9.757         10
      1          0               0       1293       4946      4.280     19.851         20
      1          0               0        401       2717      2.401     28.476         30
      1          0               0       1083       6097      9.514     38.921         40
      1          0               0       1100       8877     14.202     48.549         50
      1          0               0       1277      14027     22.567     58.410         60
      1          0               0       1405      14865     32.297     68.352         70
      1          0               0        817       7579     24.129     78.113         80
      1          0               0       1109      11010     42.869     88.020         90
      1          0               0       1008      17905     47.719     96.530        100
      1          0               0        691       2287      0.895      9.713         10
      1          0               0        464       2601      1.467     19.795         20
      1          0               0       1017       5748      5.916     29.641         30
      1          0               0       1174      13012     12.128     38.795         40
      1          0               0       1321      22272     17.776     48.921         50
      1          0               0       1349      25816     25.271     58.357         60
      1          0               0       1296      22511     35.580     67.621         70
      1          0               0       1276      19106     65.759     77.619         80
      1          0               0       1170      17698     80.605     87.609         90
      1          0               0       1368      27815    113.061     97.094        100
      1          0               0        635       2461      1.240      9.904         10
      1          0               0        439       2675      2.294     19.569         20
      1          0               0        728       3810      6.959     29.746         30
      1          0               0        665       5383     10.286     39.595         40
      1          0               0        609       7041     14.634     48.719         50
      1          0               0        863      10928     29.879     57.109         60
      1          0               0        528       9859     24.112     66.771         70
      1          0               0        940      13966     54.387     75.799         80
      1          0               0        928      14249     47.479     83.819         90
      1          0               0        577      12745     28.868     93.068        100
      1          0               0        519       2880      0.636      9.605         10
      1          0               0        852       5893      2.802     18.602         20
      1          0               0       1004      10075      5.800     28.505         30
      1          0               0       1096      12707      9.511     38.267         40
      1          0               0       1283      18910     16.595     47.745         50
      1          0               0       1388      20460     26.550     57.878         60
      1          0               0       1045      14353     27.264     65.950         70
      1          0               0        580      11577     19.099     74.928         80
      1          0               0       1295      20639     60.529     84.265         90
      1          0               0       1295      26266     80.230     92.405        100
      1          0               0        782       2184      0.932      9.910         10
      1          0               0        348       1836      1.519     19.782         20
      1          0               0        604       5987      3.606     29.599         30
      1          0               0        773       6096      6.706     38.758         40
      1          0               0       1043       9843     13.356     48.360         50
      1          0               0       1148       8679     19.826     58.553         60
      1          0               0        891       9562     20.644     67.177         70
      1          0               0       1089      16469     31.634     77.059         80
      1          0               0       1255      16478     48.740     84.237         90
      1          0               0       1127      10584     52.375     93.362        100
      1          0               0        585       3356      0.675      9.923         10
      1          0               0       1171       7654      3.374     19.767         20
      1          0               0       1034       8849      5.568     29.346         30
      1          0               0       1035      10889      8.750     39.241         40
      1          0               0        916      12946     11.544     49.227         50
      1          0               0        842       8746     14.486     58.919         60
      1          0               0       1168      12140     26.256     69.003         70
      1          0               0       1040      12836     30.132     78.966         80
      1          0               0        917      11731     35.026     88.834         90
      1          0               0       1074      15063     50.383     98.827        100
      1          0               0        387       1694      0.460      9.837         10
      1          0               0        813       5296      2.379     19.803         20
      1          0               0        677       6170      3.684     29.393         30
      1          0               0        903       8819      8.028     38.311         40
      1          0               0       1235      15605     16.326     48.553         50
      1          0               0       1294      17175     23.535     58.277         60
      1          0               0       1165      16767     28.414     67.904         70
      1          0               0       1153      16713     35.110     78.245         80
      1          0               0        959      17323     37.309     86.332         90
      1          0               0       1269      17046     61.382     95.193        100
      1          0               0        712       2481      0.843      9.883         10
      1          0               0        676       3572      2.035     19.803         20
      1          0               0       1296       7811      7.475     29.581         30
      1          0               0       1210       6671     11.416     39.655         40
      1          0               0       1364      10697     17.689     49.648         50
      1          0               0       1412      14342     26.626     58.363         60
      1          0               0       1215      12503     29.695     68.421         70
      1          0               0       1165      21382     37.672     76.670         80
      1          0               0       1445      20236     58.885     86.576         90
      1          0               0       1334      19017     65.299     95.649        100
      1          0               0        147        698      0.177      9.932         10
      1          0               0       1006       3534      2.966     19.856         20
      1          0               0        886       7430      4.942     29.459         30
      1          0               0        739       6949      6.495     39.506         40
      1          0               0        933       8726     12.854     49.270         50
      1          0               0        854      11003     15.862     58.970         60
      1          0               0       1233      16572     30.663     69.057         70
      1          0               0        730      12993     23.571     75.640         80
      1          0               0        534      10668     23.060     83.599         90
      1          0               0        906      14580     49.500     90.701        100
      1          0               0        816       1894      1.008      9.955         10
      1          0               0        764       2909      2.388     19.776         20
      1          0               0        840       7578      4.769     29.521         30
      1          0               0        846       7023      7.567     39.612         40
      1          0               0       1479      16130     20.190     49.412         50
      1          0               0       1244      16710     24.050     59.436         60
      1          0               0       1245      12941     30.238     68.781         70
      1          0               0       1008       8624     32.099     78.437         80
      1          0               0        835      11781     34.029     86.023         90
      1          0               0       1229      18892     60.749     95.899        100
      1          0               0        483       1712      0.585      9.878         10
      1          0               0       1160       6302      3.487     19.826         20
      1          0               0        934       5716      5.183     29.656         30
      1          0               0        604       3889      5.434     39.583         40
      1          0               0        759       7053     10.216     49.372         50
      1          0               0       1548      13792     28.647     58.649         60
      1          0               0       1351      12910     33.447     67.473         70
      1          0               0        969      16668     32.201     76.195         80
      1          0               0       1539      27884     63.618     85.543         90
      1          0               0        910      16429     45.965     94.946        100
      1          0               0        334       1715      0.432      9.479         10
      1          0               0       1096       4796      3.363     19.821         20
      1          0               0        730       5698      4.271     29.464         30
      1          0               0        960       8588      9.203     39.357         40
      1          0               0       1162      13587     15.828     49.306         50
      1          0               0       1234      16055     23.294     58.199         60
      1          0               0       1065      14370     27.026     67.669         70
      1          0               0        536      11516     17.453     77.310         80
      1          0               0       1077      17682     44.718     86.604         90
      1          0               0       1112      18212     57.078     94.023        100
      1          0               0        202        795      0.247      9.856         10
      1          0               0        840       3235      2.532     19.812         20
      1          0               0       1094       6073      6.194     29.689         30
      1          0               0       1305       7402     11.708     39.659         40
      1          0               0       1257      10984     16.820     49.587         50
      1          0               0       1491      11998     27.483     59.200         60
      1          0               0       1093      13460     26.057     69.124         70
      1          0               0       1546      10930     46.460     79.331         80
      1          0               0       1766      22339     66.554     89.054         90
      1          0               0       1727      25271     82.913     97.740        100
      1          0               0        530       1767      0.625      9.900         10
      1          0               0        698       5257      2.160     19.706         20
      1          0               0       1035       9025      5.660     29.570         30
      1          0               0       1087      12470      9.655     39.318         40
      1          0               0        935      15675     12.471     49.009         50
      1          0               0        973      11325     17.891     59.055         60
      1          0               0       1030      14012     25.681     68.074         70
      1          0               0       1117      18073     34.899     76.946         80
      1          0               0       1563      30903     62.551     85.757         90
      1          0               0       1544      35600     74.887     95.452        100
      1          0               0        362       1961      0.431      9.909         10
      1          0               0        740       5909      2.214     19.692         20
      1          0               0        731       6028      4.047     29.410         30
      1          0               0        735       8581      6.478     39.024         40
      1          0               0        782       9850     10.450     48.801         50
      1          0               0        830      12270     15.576     58.631         60
      1          0               0        878      14894     21.745     68.656         70
      1          0               0       1087      14506     34.786     77.860         80
      1          0               0        953      15311     38.753     85.913         90
      1          0               0        943      18031     44.808     95.799        100
      1          0               0       1028       3748      1.217      9.865         10
      1          0               0        975       5151      2.911     19.823         20
      1          0               0       1366      13737      7.625     29.440         30
      1          0               0       1310      14062     11.413     39.131         40
      1          0               0       1455      19992     18.770     49.111         50
      1          0               0       1631      19399     30.345     58.358         60
      1          0               0       1611      23197     38.119     68.228         70
      1          0               0       1422      19395     42.545     77.821         80
      1          0               0       1403      29146     52.235     87.424         90
      1          0               0       1071      22059     51.031     94.658        100
      1          0               0        548       1681      0.630      9.927         10
      1          0               0        920       5060      2.631     19.770         20
      1          0               0        653       5247      3.515     29.378         30
      1          0               0        715       7000      6.063     39.329         40
      1          0               0        885       7680     11.291     48.453         50
      1          0               0        979       7582     17.406     58.205         60
      1          0               0       1078       8661     25.856     67.243         70
      1          0               0       1069      11689     32.517     76.663         80
      1          0               0       1362      19193     52.144     86.391         90
      1          0               0       1423      20740     67.742     96.027        100
      1          0               0        878       2762      1.028      9.937         10
      1          0               0       1131       6845      3.244     19.889         20
      1          0               0       1153      10405      6.201     29.493         30
      1          0               0       1386      19531     11.829     39.319         40
      1          0               0       1412      23490     17.852     49.246         50
      1          0               0       1218      19782     22.092     58.969         60
      1          0               0       1121      21167     27.157     67.905         70
      1          0               0       1160      21693     36.343     77.844         80
      1          0               0       1191      30667     48.806     86.498         90
      1          0               0       1393      22853     68.559     96.993        100
      1          0               0        568       1537      0.702      9.935         10
      1          0               0       1082       3975      3.273     19.838         20
      1          0               0        530       4470      3.024     29.236         30
      1          0               0       1135       8714      9.830     39.401         40
      1          0               0        856      10423     11.462     49.132         50
      1          0               0       1112      11965     20.049     59.316         60
      1          0               0        826      11653     19.453     69.092         70
      1          0               0       1262      19072     37.596     78.976         80
      1          0               0       1247      22084     46.656     88.805         90
      1          0               0       1228      22109     55.949     97.938        100
      1          0               0        659       1429      0.755      9.917         10
      1          0               0        452       2998      1.354     19.243         20
      1          0               0        702       3898      3.917     29.214         30
      1          0               0        931       7730      8.100     38.982         40
      1          0               0       1127       8282     14.681     49.021         50
      1          0               0        792      10187     14.687     57.760         60
      1          0               0        835       8623     19.711     68.115         70
      1          0               0        582       8733     18.001     76.447         80
      1          0               0        826      11393     31.707     86.557         90
      1          0               0       1067      13747     51.132     96.151        100
      1          0               0        506       1701      0.611      9.445         10
      1          0               0        902       4459      2.616     19.696         20
      1          0               0       1057       6767      5.678     29.537         30
      1          0               0       1064       9290      9.214     39.647         40
      1          0               0        850       6475     11.003     49.334         50
      1          0               0       1255      10865     22.898     58.507         60
      1          0               0        471       7375     11.424     67.535         70
      1          0               0        739       8877     23.246     76.945         80
      1          0               0        380      10475     15.875     85.461         90
      1          0               0        496      12272     23.579     94.869        100
      1          0               0        315       1042      0.365      9.898         10
      1          0               0        765       4351      2.226     19.689         20
      1          0               0       1247      11523      6.842     29.285         30
      1          0               0       1246      13932     10.751     39.392         40
      1          0               0       1409      19892     19.153     48.055         50
      1          0               0       1242      21023     22.863     57.095         60
      1          0               0       1425      19542     35.487     67.043         70
      1          0               0       1453      22733     45.921     75.337         80
      1          0               0       1423      26326     55.644     84.330         90
      1          0               0       1464      26491     71.025     93.344        100
      1          0               0        493       1314      0.564      9.935         10
      1          0               0       1033       3463      2.970     19.890         20
      1          0               0        942       6217      5.145     29.646         30
      1          0               0       1001       9687      8.566     39.341         40
      1          0               0        858       9578     11.212     49.076         50
      1          0               0        727      11720     13.218     58.466         60
      1          0               0       1087      21327     25.470     68.592         70
      1          0               0       1045      24138     32.783     77.315         80
      1          0               0       1009      27389     40.890     84.831         90
      1          0               0        921      26974     46.081     94.276        100
      1          0               0        881       3382      1.021      9.859         10
      1          0               0        847       5627      2.508     19.602         20
      1          0               0       1294      11936      7.111     29.630         30
      1          0               0       1261      12617     10.734     39.408         40
      1          0               0       1176      17108     15.408     48.827         50
      1          0               0       1256      17856     23.179     56.778         60
      1          0               0        966      16443     24.291     65.572         70
      1          0               0       1003      17624     33.098     74.424         80
      1          0               0       1426      31486     57.201     84.353         90
      1          0               0       1121      25163     56.589     93.688        100
      1          0               0        542       1185      0.669      9.956         10
      1          0               0        605       3342      1.785     19.808         20
      1          0               0       1153       8032      6.403     29.730         30
      1          0               0       1274       9548     11.450     38.530         40
      1          0               0       1236      11658     16.974     46.877         50
      1          0               0       1239      11665     22.537     56.706         60
      1          0               0       1113      11624     26.337     66.878         70
      1          0               0       1286      22593     39.811     76.426         80
      1          0               0       1096      24092     41.469     86.262         90
      1          0               0       1112      20240     53.409     94.537        100
      1          0               0        971       2437      1.103      9.939         10
      1          0               0       1514       9429      4.290     19.890         20
      1          0               0       1238      11728      6.678     28.985         30
      1          0               0       1015       8552      8.606     38.874         40
      1          0               0       1260      11699     16.177     47.679         50
      1          0               0       1212      16071     21.958     56.114         60
      1          0               0       1112      12880     26.058     65.873         70
      1          0               0       1090      11651     33.091     75.438         80
      1          0               0       1474      22999     54.596     84.512         90
      1          0               0       1622      23093     76.080     91.508        100
      1          0               0        710       1973      0.810      9.939         10
      1          0               0        943       5375      2.715     19.785         20
      1          0               0       1277       9208      6.711     29.700         30
      1          0               0       1627       8638     13.383     39.714         40
      1          0               0       1266      10631     15.459     49.486         50
      1          0               0       1081      12035     18.235     59.207         60
      1          0               0       1491      20726     32.902     69.038         70
      1          0               0       1484      18629     42.182     78.137         80
      1          0               0       1335      18758     47.847     87.939         90
      1          0               0       1515      24847     66.295     97.249        100
      1          0               0        752       3817      0.867      9.797         10
      1          0               0        759       5284      2.176     19.755         20
      1          0               0        681       6188      3.765     28.683         30
      1          0               0        888       6916      7.896     38.644         40
      1          0               0        784       7652     10.341     47.662         50
      1          0               0       1085      12471     19.956     56.489         60
      1          0               0       1008      12821     24.761     65.356         70
      1          0               0        852      12819     27.031     74.025         80
      1          0               0        647       9968     25.445     82.906         90
      1          0               0        791       9288     38.538     93.362        100
      1          0               0        609       2085      0.699      9.819         10
      1          0               0        887       5747      2.537     19.752         20
      1          0               0        893       5608      4.712     29.563         30
      1          0               0       1068       7852      8.939     39.567         40
      1          0               0       1085      11223     14.499     47.392         50
      1          0               0       1088      16379     19.419     57.450         60
      1          0               0       1026      13030     24.961     66.456         70
      1          0               0       1238      13210     36.776     76.364         80
      1          0               0       1588      28128     58.878     86.297         90
      1          0               0        639       8583     28.536     95.391        100
      1          0               0        464       1852      0.533      9.909         10
      1          0               0        791       4427      2.256     19.824         20
      1          0               0        881       4550      4.627     29.695         30
      1          0               0       1050       7311      8.769     39.543         40
      1          0               0        797       9497     10.013     49.036         50
      1          0               0       1530      19484     25.810     59.293         60
      1          0               0        681      10371     15.474     67.978         70
      1          0               0       1390      16081     39.544     78.378         80
      1          0               0       1594      17094     57.254     86.593         90
      1          0               0       1594      17059     71.670     95.409        100
      1          0               0        612       2744      0.707      9.900         10
      1          0               0        898       5337      2.537     19.836         20
      1          0               0       1224       6424      6.359     29.797         30
      1          0               0       1154       9312      9.586     39.454         40
      1          0               0       1285       9252     16.501     49.498         50
      1          0               0       1287      11598     22.029     58.425         60
      1          0               0        547       8029     12.575     66.949         70
      1          0               0       1325      12846     38.511     76.544         80
      1          0               0       1150      16415     42.773     85.934         90
      1          0               0       1197      16371     54.163     94.943        100
      1          0               0        697       2070      0.790      9.928         10
      1          0               0        750       3178      2.139     19.793         20
      1          0               0        700       5015      3.702     29.627         30
      1          0               0       1068       7130      8.929     39.358         40
      1          0               0       1306      14476     16.200     49.186         50
      1          0               0       1486      12831     24.978     59.346         60
      1          0               0       1369      14960     30.097     69.223         70
      1          0               0       1418      24311     40.643     77.869         80
      1          0               0       1482      23210     53.350     87.636         90
      1          0               0       1287      19133     57.049     96.678        100
      1          0               0        316       1429      0.363      9.889         10
      1          0               0       1215       3540      3.431     19.893         20
      1          0               0       1013       8288      5.348     29.552         30
      1          0               0       1122       8074      9.613     38.626         40
      1          0               0       1261      14884     16.156     47.895         50
      1          0               0       1069      12010     18.778     57.255         60
      1          0               0       1045      13018     23.855     67.347         70
      1          0               0       1046      13807     31.540     76.146         80
      1          0               0        831      12203     30.887     84.982         90
      1          0               0        888      15565     41.426     93.584        100
      1          0               0        497       1589      0.563      9.913         10
      1          0               0        535       2716      1.527     19.815         20
      1          0               0       1180       6785      6.172     29.713         30
      1          0               0       1412      10916     11.688     39.661         40
      1          0               0       1212       8990     14.945     49.567         50
      1          0               0       1081      14141     18.232     59.263         60
      1          0               0       1218      20665     26.987     69.094         70
      1          0               0        973      15858     27.466     78.829         80
      1          0               0       1204      19452     42.754     88.923         90
      1          0               0       1283      13507     54.870     99.063        100
      1          0               0        646       1648      0.732      9.946         10
      1          0               0        655       4202      1.891     19.614         20
      1          0               0        810       6555      4.255     29.664         30
      1          0               0        554       5529      4.648     39.403         40
      1          0               0       1243       9646     15.395     49.429         50
      1          0               0       1092       9836     18.520     59.243         60
      1          0               0       1234      11023     27.547     68.331         70
      1          0               0       1357      14224     40.319     75.432         80
      1          0               0       1172      14223     43.721     85.473         90
      1          0               0        950      16434     43.564     93.816        100
      1          0               0        905       4307      1.024      9.916         10
      1          0               0       1022       7741      2.917     19.723         20
      1          0               0       1047       9339      5.562     29.372         30
      1          0               0       1111      10410      9.253     39.452         40
      1          0               0       1237      11686     15.245     49.270         50
      1          0               0       1323      19305     22.506     58.757         60
      1          0               0        762      14927     17.155     68.438         70
      1          0               0        792      17189     23.114     77.280         80
      1          0               0       1227      23668     43.815     87.190         90
      1          0               0        906      23524     41.673     94.776        100
      1          0               0        748       4042      0.866      9.773         10
      1          0               0        683       4495      1.940     19.827         20
      1          0               0       1076       8061      5.630     29.671         30
      1          0               0        924       8337      7.818     38.810         40
      1          0               0        943       9312     11.788     48.780         50
      1          0               0       1353      14366     23.285     58.458         60
      1          0               0       1549      17951     36.208     67.268         70
      1          0               0       1051      12862     30.333     77.089         80
      1          0               0       1465      17481     53.599     86.642         90
      1          0               0       1394      26703     63.426     94.983        100
      1          0               0        638       1884      0.726      9.920         10
      1          0               0        457       2294      1.306     19.718         20
      1          0               0        415       4637      2.222     29.386         30
      1          0               0        947      11601      7.969     39.333         40
      1          0               0        852      10325     10.781     48.427         50
      1          0               0       1073      13708     19.012     57.593         60
      1          0               0        988      13894     22.610     67.448         70
      1          0               0        894      15682     26.251     76.683         80
      1          0               0       1124      21672     41.600     86.617         90
      1          0               0       1146      21827     51.268     96.784        100
      1          0               0        723       2232      0.823      9.916         10
      1          0               0        605       3682      1.741     19.663         20
      1          0               0        760       4048      4.007     29.650         30
      1          0               0        633       6279      5.460     38.471         40
      1          0               0        594       8389      7.604     48.067         50
      1          0               0        786       9495     13.754     57.832         60
      1          0               0        783      11835     17.880     67.499         70
      1          0               0        851      13971     24.651     77.392         80
      1          0               0       1047      15127     37.925     87.750         90
      1          0               0       1348      18082     59.355     97.923        100
      1          0               0        467       2463      0.539      9.861         10
      1          0               0        621       4652      1.812     19.655         20
      1          0               0       1047       7701      5.569     29.587         30
      1          0               0        992      10273      8.411     39.210         40
      1          0               0        592       8024      7.488     48.777         50
      1          0               0        620       6441     10.573     59.152         60
      1          0               0        947       9439     21.499     68.384         70
      1          0               0       1235      14947     35.581     78.068         80
      1          0               0       1179      16770     42.892     86.906         90
      1          0               0       1216      19724     55.350     95.896        100
      1          0               0        195        973      0.225      9.836         10
      1          0               0        677       4065      1.947     19.709         20
      1          0               0        830       5953      4.393     29.566         30
      1          0               0        601       5887      5.195     38.720         40
      1          0               0       1235      11499     16.200     47.568         50
      1          0               0        627       7867     11.265     57.290         60
      1          0               0       1303      11089     30.489     66.532         70
      1          0               0       1074      14625     32.165     76.020         80
      1          0               0       1082      13815     40.343     85.154         90
      1          0               0       1026      16761     48.676     93.421        100
      1          0               0        381       1090      0.436      9.929         10
      1          0               0        872       3472      2.482     19.904         20
      1          0               0       1212       5924      6.365     29.842         30
      1          0               0       1378       9758     11.905     38.538         40
      1          0               0       1121      13444     14.265     48.386         50
      1          0               0       1100      13874     19.479     57.607         60
      1          0               0       1079      13868     25.365     66.567         70
      1          0               0       1288      22228     39.727     75.764         80
      1          0               0       1381      21404     52.868     84.502         90
      1          0               0       1377      32193     70.678     91.760        100
