success  collision  collision_obst   makespan   flowtime    runtime mean_groups     number
      1          0               0        637       2249      0.811      9.799         10
      1          0               0       1043       3642      3.185     19.819         20
      1          0               0        896       4693      5.044     29.779         30
      1          0               0        863       4578      7.851     39.610         40
      1          0               0        769       9122     10.678     49.211         50
      1          0               0        690       3299      0.800      9.893         10
      1          0               0        744       4755      2.172     19.776         20
      1          0               0        922       7715      5.000     29.566         30
      1          0               0        648       8877      5.734     39.258         40
      1          0               0        582       8338      7.576     48.969         50
      1          0               0        543       1649      0.669      9.926         10
      1          0               0       1107       5719      3.268     19.839         20
      1          0               0       1211       7946      6.569     29.721         30
      1          0               0       1212       8526     10.222     39.682         40
      1          0               0       1107       9132     14.090     48.716         50
      1          0               0        895       2336      1.001      9.940         10
      1          0               0       1265       6873      3.566     19.823         20
      1          0               0       1101       6354      5.912     28.748         30
      1          0               0       1405      14420     11.976     38.493         40
      1          0               0       1428      23311     18.212     47.485         50
      1          0               0        856       2108      0.963      9.914         10
      1          0               0        885       4577      2.663     18.823         20
      1          0               0       1023       6801      5.927     27.233         30
      1          0               0        675       8261      6.158     36.847         40
      1          0               0       1393      15037     18.126     47.213         50
      1          0               0        302        952      0.344      9.957         10
      1          0               0        540       3259      1.530     19.826         20
      1          0               0        838       7027      4.345     29.715         30
      1          0               0       1220       8234      9.943     39.586         40
      1          0               0        995       6117     12.079     49.612         50
      1          0               0        897       4039      1.023      9.757         10
      1          0               0        314       1403      0.886     19.799         20
      1          0               0        741       5521      3.908     29.371         30
      1          0               0       1289      11067     10.881     38.839         40
      1          0               0       1045      12939     12.991     48.527         50
      1          0               0        642       1799      0.719      9.936         10
      1          0               0        490       3721      1.395     19.710         20
      1          0               0       1079       6589      5.600     29.711         30
      1          0               0       1215       7760     10.026     39.599         40
      1          0               0        685       8568      8.433     49.212         50
      1          0               0        717       2309      0.822      9.757         10
      1          0               0       1293       4946      3.623     19.851         20
      1          0               0        401       2717      2.181     28.476         30
      1          0               0       1083       6097      9.154     38.921         40
      1          0               0       1100       8877     13.608     48.549         50
      1          0               0        691       2287      0.798      9.713         10
      1          0               0        464       2601      1.312     19.795         20
      1          0               0       1017       5748      5.310     29.641         30
      1          0               0       1174      13012      9.878     38.795         40
      1          0               0       1321      22272     16.371     48.921         50
      1          0               0        635       2461      0.721      9.904         10
      1          0               0        439       2675      1.264     19.569         20
      1          0               0        728       3810      3.790     29.746         30
      1          0               0        665       5383      5.534     39.595         40
      1          0               0        609       7041      7.534     48.719         50
      1          0               0        519       2880      0.607      9.605         10
      1          0               0        852       5893      2.553     18.602         20
      1          0               0       1004      10075      5.466     28.505         30
      1          0               0       1096      12707      9.382     38.267         40
      1          0               0       1283      18910     16.417     47.745         50
      1          0               0        782       2184      0.879      9.910         10
      1          0               0        348       1836      0.981     19.782         20
      1          0               0        604       5987      3.155     29.599         30
      1          0               0        773       6096      6.557     38.758         40
      1          0               0       1043       9843     13.006     48.360         50
      1          0               0        585       3356      0.666      9.923         10
      1          0               0       1171       7654      3.339     19.767         20
      1          0               0       1034       8849      5.529     29.346         30
      1          0               0       1035      10889      8.633     39.241         40
      1          0               0        916      12946     11.241     49.227         50
      1          0               0        387       1694      0.443      9.837         10
      1          0               0        813       5296      2.283     19.803         20
      1          0               0        677       6170      3.579     29.393         30
      1          0               0        903       8819      7.757     38.311         40
      1          0               0       1235      15605     15.379     48.553         50
      1          0               0        712       2481      0.809      9.883         10
      1          0               0        676       3572      1.908     19.803         20
      1          0               0       1296       7811      6.779     29.581         30
      1          0               0       1210       6671      9.897     39.655         40
      1          0               0       1364      10697     16.543     49.648         50
      1          0               0        147        698      0.170      9.932         10
      1          0               0       1006       3534      2.820     19.856         20
      1          0               0        886       7430      4.729     29.459         30
      1          0               0        739       6949      6.093     39.506         40
      1          0               0        933       8726     11.419     49.270         50
      1          0               0        816       1894      0.910      9.955         10
      1          0               0        764       2909      2.176     19.776         20
      1          0               0        840       7578      4.431     29.521         30
      1          0               0        846       7023      6.940     39.612         40
      1          0               0       1479      16130     18.552     49.412         50
      1          0               0        483       1712      0.547      9.878         10
      1          0               0       1160       6302      3.276     19.826         20
      1          0               0        934       5716      4.892     29.656         30
      1          0               0        604       3889      4.995     39.583         40
      1          0               0        759       7053      9.234     49.372         50
      1          0               0        334       1715      0.394      9.479         10
      1          0               0       1096       4796      3.087     19.821         20
      1          0               0        730       5698      3.829     29.464         30
      1          0               0        960       8588      7.932     39.357         40
      1          0               0       1162      13587     14.324     49.306         50
      1          0               0        202        795      0.230      9.856         10
      1          0               0        840       3235      2.361     19.812         20
      1          0               0       1094       6073      5.681     29.689         30
      1          0               0       1305       7402     10.761     39.659         40
      1          0               0       1257      10984     15.201     49.587         50
      1          0               0        530       1767      0.600      9.900         10
      1          0               0        698       5257      1.985     19.706         20
      1          0               0       1035       9025      5.416     29.570         30
      1          0               0       1087      12470      9.022     39.318         40
      1          0               0        935      15675     11.660     49.009         50
      1          0               0        362       1961      0.414      9.909         10
      1          0               0        740       5909      2.107     19.692         20
      1          0               0        731       6028      3.860     29.410         30
      1          0               0        735       8581      6.214     39.024         40
      1          0               0        782       9850      9.754     48.801         50
      1          0               0       1028       3748      1.165      9.865         10
      1          0               0        975       5151      2.748     19.823         20
      1          0               0       1366      13737      7.233     29.440         30
      1          0               0       1310      14062     11.019     39.131         40
      1          0               0       1455      19992     17.950     49.111         50
      1          0               0        548       1681      0.617      9.927         10
      1          0               0        920       5060      2.609     19.770         20
      1          0               0        653       5247      3.440     29.378         30
      1          0               0        715       7000      5.990     39.329         40
      1          0               0        885       7680     11.481     48.453         50
      1          0               0        878       2762      0.996      9.937         10
      1          0               0       1131       6845      3.192     19.889         20
      1          0               0       1153      10405      6.060     29.493         30
      1          0               0       1386      19531     11.469     39.319         40
      1          0               0       1412      23490     17.400     49.246         50
      1          0               0        568       1537      0.637      9.935         10
      1          0               0       1082       3975      3.035     19.838         20
      1          0               0        530       4470      2.818     29.236         30
      1          0               0       1135       8714      9.454     39.401         40
      1          0               0        856      10423     10.484     49.132         50
      1          0               0        659       1429      0.741      9.917         10
      1          0               0        452       2998      1.333     19.243         20
      1          0               0        702       3898      3.764     29.214         30
      1          0               0        931       7730      7.784     38.982         40
      1          0               0       1127       8282     13.854     49.021         50
      1          0               0        506       1701      0.599      9.445         10
      1          0               0        902       4459      2.555     19.696         20
      1          0               0       1057       6767      5.530     29.537         30
      1          0               0       1064       9290      8.738     39.647         40
      1          0               0        850       6475     10.473     49.334         50
      1          0               0        315       1042      0.357      9.898         10
      1          0               0        765       4351      2.182     19.689         20
      1          0               0       1247      11523      6.722     29.285         30
      1          0               0       1246      13932     10.513     39.392         40
      1          0               0       1409      19892     18.251     48.055         50
      1          0               0        493       1314      0.570      9.935         10
      1          0               0       1033       3463      2.925     19.890         20
      1          0               0        942       6217      4.960     29.646         30
      1          0               0       1001       9687      8.330     39.341         40
      1          0               0        858       9578     10.654     49.076         50
      1          0               0        881       3382      0.997      9.859         10
      1          0               0        847       5627      2.417     19.602         20
      1          0               0       1294      11936      6.792     29.630         30
      1          0               0       1261      12617     10.562     39.408         40
      1          0               0       1176      17108     14.662     48.827         50
      1          0               0        542       1185      0.606      9.956         10
      1          0               0        605       3342      1.704     19.808         20
      1          0               0       1153       8032      5.980     29.730         30
      1          0               0       1274       9548     10.609     38.530         40
      1          0               0       1236      11658     15.734     46.877         50
      1          0               0        971       2437      1.071      9.939         10
      1          0               0       1514       9429      4.168     19.890         20
      1          0               0       1238      11728      6.516     28.985         30
      1          0               0       1015       8552      8.357     38.874         40
      1          0               0       1260      11699     15.719     47.679         50
      1          0               0        710       1973      0.783      9.939         10
      1          0               0        943       5375      2.610     19.785         20
      1          0               0       1277       9208      6.523     29.700         30
      1          0               0       1627       8638     13.021     39.714         40
      1          0               0       1266      10631     15.089     49.486         50
      1          0               0        752       3817      0.843      9.797         10
      1          0               0        759       5284      2.117     19.755         20
      1          0               0        681       6188      3.648     28.683         30
      1          0               0        888       6916      7.369     38.644         40
      1          0               0        784       7652      9.797     47.662         50
      1          0               0        609       2085      0.681      9.819         10
      1          0               0        887       5747      2.477     19.752         20
      1          0               0        893       5608      4.592     29.563         30
      1          0               0       1068       7852      8.631     39.567         40
      1          0               0       1085      11223     13.973     47.392         50
      1          0               0        464       1852      0.516      9.909         10
      1          0               0        791       4427      2.200     19.824         20
      1          0               0        881       4550      4.507     29.695         30
      1          0               0       1050       7311      8.496     39.543         40
      1          0               0        797       9497      9.657     49.036         50
      1          0               0        612       2744      0.686      9.900         10
      1          0               0        898       5337      2.484     19.836         20
      1          0               0       1224       6424      6.224     29.797         30
      1          0               0       1154       9312      9.364     39.454         40
      1          0               0       1285       9252     15.256     49.498         50
      1          0               0        697       2070      0.772      9.928         10
      1          0               0        750       3178      2.089     19.793         20
      1          0               0        700       5015      3.609     29.627         30
      1          0               0       1068       7130      8.722     39.358         40
      1          0               0       1306      14476     15.767     49.186         50
      1          0               0        316       1429      0.355      9.889         10
      1          0               0       1215       3540      3.337     19.893         20
      1          0               0       1013       8288      5.228     29.552         30
      1          0               0       1122       8074      9.340     38.626         40
      1          0               0       1261      14884     15.684     47.895         50
      1          0               0        497       1589      0.549      9.913         10
      1          0               0        535       2716      1.484     19.815         20
      1          0               0       1180       6785      6.038     29.713         30
      1          0               0       1412      10916     11.356     39.661         40
      1          0               0       1212       8990     14.418     49.567         50
      1          0               0        646       1648      0.712      9.946         10
      1          0               0        655       4202      1.843     19.614         20
      1          0               0        810       6555      4.158     29.664         30
      1          0               0        554       5529      4.509     39.403         40
      1          0               0       1243       9646     14.845     49.429         50
      1          0               0        905       4307      1.003      9.916         10
      1          0               0       1022       7741      2.858     19.723         20
      1          0               0       1047       9339      5.456     29.372         30
      1          0               0       1111      10410      9.033     39.452         40
      1          0               0       1237      11686     14.828     49.270         50
      1          0               0        748       4042      0.842      9.773         10
      1          0               0        683       4495      1.899     19.827         20
      1          0               0       1076       8061      5.508     29.671         30
      1          0               0        924       8337      7.628     38.810         40
      1          0               0        943       9312     11.420     48.780         50
      1          0               0        638       1884      0.706      9.920         10
      1          0               0        457       2294      1.277     19.718         20
      1          0               0        415       4637      2.159     29.386         30
      1          0               0        947      11601      7.746     39.333         40
      1          0               0        852      10325     10.448     48.427         50
      1          0               0        723       2232      0.800      9.916         10
      1          0               0        605       3682      1.704     19.663         20
      1          0               0        760       4048      3.907     29.650         30
      1          0               0        633       6279      5.315     38.471         40
      1          0               0        594       8389      7.435     48.067         50
      1          0               0        467       2463      0.525      9.861         10
      1          0               0        621       4652      1.750     19.655         20
      1          0               0       1047       7701      5.403     29.587         30
      1          0               0        992      10273      8.156     39.210         40
      1          0               0        592       8024      7.242     48.777         50
      1          0               0        195        973      0.220      9.836         10
      1          0               0        677       4065      1.887     19.709         20
      1          0               0        830       5953      4.280     29.566         30
      1          0               0        601       5887      5.002     38.720         40
      1          0               0       1235      11499     15.424     47.568         50
      1          0               0        381       1090      0.422      9.929         10
      1          0               0        872       3472      2.404     19.904         20
      1          0               0       1212       5924      6.147     29.842         30
      1          0               0       1378       9758     11.477     38.538         40
      1          0               0       1121      13444     13.780     48.386         50
