success  collision  collision_obst   makespan   flowtime    runtime     number
      1          0               0        217        868      0.335         10
      1          0               0        176        534      0.211         10
      1          0               0         86        307      0.113         10
      1          0               0        200        607      0.283         10
      1          0               0         27        123      0.033         10
      1          0               0         94        314      0.120         10
      1          0               0         61        272      0.076         10
      1          0               0        163        615      0.226         10
      1          0               0        194        763      0.262         10
      1          0               0         76        328      0.088         10
      1          0               0        161        707      0.196         10
      1          0               0        154        683      0.230         10
      1          0               0         89        407      0.110         10
      1          0               0        191        365      0.220         10
      1          0               0        205        732      0.273         10
      1          0               0        263        939      0.339         10
      1          0               0         91        340      0.111         10
      1          0               0        141        487      0.204         10
      1          0               0        159        608      0.212         10
      1          0               0        127        445      0.165         10
      1          0               0        202        681      0.287         10
      1          0               0        114        395      0.134         10
      1          0               0        117        393      0.155         10
      1          0               0         98        384      0.122         10
      1          0               0         71        162      0.085         10
      1          0               0         54        247      0.063         10
      1          0               0        177        683      0.205         10
      1          0               0        154        225      0.194         10
      1          0               0        101        343      0.125         10
      1          0               0         57        161      0.064         10
      1          0               0        122        403      0.153         10
      1          0               0        124        324      0.137         10
      1          0               0         94        280      0.116         10
      1          0               0        167        410      0.199         10
      1          0               0         77        223      0.086         10
      1          0               0        146        754      0.221         10
      1          0               0         90        280      0.113         10
      1          0               0        203        466      0.271         10
      1          0               0        208        629      0.276         10
      1          0               0        124        481      0.156         10
      1          0               0        117        418      0.140         10
      1          0               0        126        443      0.163         10
      1          0               0        139        382      0.160         10
      1          0               0        193        709      0.262         10
      1          0               0        162        374      0.197         10
      1          0               0         81        242      0.088         10
      1          0               0        112        371      0.127         10
      1          0               0        109        520      0.148         10
      1          0               0        185        679      0.248         10
      1          0               0        160        507      0.245         10
      1          0               0        207        680      0.313         10
      1          0               0        132        489      0.267         10
      1          0               0         71        225      0.129         10
      1          0               0         74        314      0.092         10
      1          0               0        163        571      0.334         10
      1          0               0         23         93      0.044         10
      1          0               0        228        829      0.316         10
      1          0               0        122        514      0.167         10
      1          0               0        166        418      0.197         10
      1          0               0         96        293      0.124         10
      1          0               0        159        585      0.296         10
      1          0               0        148        561      0.180         10
      1          0               0        223        801      0.475         10
      1          0               0        169        442      0.210         10
      1          0               0        142        426      0.171         10
      1          0               0         60        193      0.070         10
      1          0               0        178        833      0.246         10
      1          0               0        234        460      0.359         10
      1          0               0        132        430      0.164         10
      1          0               0        174        356      0.337         10
      1          0               0         69        336      0.121         10
      1          0               0        167        655      0.233         10
      1          0               0        219        657      0.385         10
      1          0               0        134        453      0.285         10
      1          0               0        251        970      0.337         10
      1          0               0        157        468      0.288         10
      1          0               0        150        502      0.311         10
      1          0               0         72        315      0.081         10
      1          0               0        247       1096      0.331         10
      1          0               0         69        280      0.082         10
      1          0               0        209        532      0.269         10
      1          0               0        112        543      0.192         10
      1          0               0        184        705      0.232         10
      1          0               0        182        465      0.219         10
      1          0               0        216        542      0.272         10
      1          0               0         72        166      0.083         10
      1          0               0         77        298      0.098         10
      1          0               0        191        737      0.223         10
      1          0               0        201        672      0.290         10
      1          0               0        184        509      0.224         10
      1          0               0         83        515      0.097         10
      1          0               0         94        399      0.128         10
      1          0               0        117        519      0.140         10
      1          0               0         82        237      0.096         10
      1          0               0         96        437      0.117         10
      1          0               0        121        536      0.156         10
      1          0               0        105        492      0.133         10
      1          0               0        221        926      0.277         10
      1          0               0        121        467      0.150         10
      1          0               0        111        359      0.138         10
      1          0               0        320       2077      0.923         20
      1          0               0        194       1212      0.573         20
      1          0               0        117        553      0.304         20
      1          0               0        174        910      0.494         20
      1          0               0         96        572      0.240         20
      1          0               0        185       1043      0.686         20
      1          0               0        107        556      0.351         20
      1          0               0        168       1170      0.659         20
      1          0               0        198       1049      0.571         20
      1          0               0        215       1375      0.831         20
      1          0               0        175        929      0.573         20
      1          0               0        144        965      0.480         20
      1          0               0         51        362      0.134         20
      1          0               0        199        999      0.567         20
      1          0               0        195       1198      0.592         20
      1          0               0        122        615      0.346         20
      1          0               0        252       1293      0.918         20
      1          0               0        191       1311      0.945         20
      1          0               0        292       1713      1.011         20
      1          0               0         88        418      0.320         20
      1          0               0        282       1635      0.729         20
      1          0               0        201       1215      0.708         20
      1          0               0        172       1072      0.497         20
      1          0               0        164       1248      0.693         20
      1          0               0         87        514      0.243         20
      1          0               0        106        642      0.305         20
      1          0               0        235       1326      0.936         20
      1          0               0        203        769      0.518         20
      1          0               0        163        987      0.439         20
      1          0               0        221       1333      0.634         20
      1          0               0        134        850      0.515         20
      1          0               0        107        494      0.274         20
      1          0               0        156       1002      0.467         20
      1          0               0        222       1171      0.622         20
      1          0               0        188        867      0.528         20
      1          0               0        122        712      0.414         20
      1          0               0         87        463      0.266         20
      1          0               0        198        975      0.561         20
      1          0               0        261       1195      0.645         20
      1          0               0        222       1201      0.586         20
      1          0               0        102        400      0.247         20
      1          0               0         73        471      0.175         20
      1          0               0        297       2245      0.837         20
      1          0               0        172        982      0.527         20
      1          0               0        175       1239      0.570         20
      1          0               0        107        667      0.327         20
      1          0               0        264       1388      0.807         20
      1          0               0        130       1047      0.382         20
      1          0               0        172        897      0.491         20
      1          0               0        220       1121      0.619         20
      1          0               0        212       1162      0.695         20
      1          0               0        131        848      0.387         20
      1          0               0        220       1656      0.658         20
      1          0               0        200        502      0.598         20
      1          0               0        180        842      0.571         20
      1          0               0        230       1183      0.639         20
      1          0               0        256       1292      0.782         20
      1          0               0        242        969      0.907         20
      1          0               0        227       2094      0.780         20
      1          0               0        160        934      0.508         20
      1          0               0        143        592      0.585         20
      1          0               0        208       1102      0.654         20
      1          0               0        266       1864      0.832         20
      1          0               0        180        644      0.518         20
      1          0               0        222       1017      0.693         20
      1          0               0        195        803      0.467         20
      1          0               0        221       1382      0.645         20
      1          0               0        190       1135      0.582         20
      1          0               0        223       1027      0.811         20
      1          0               0        165       1099      0.545         20
      1          0               0        152        840      0.560         20
      1          0               0        259       2234      0.904         20
      1          0               0        232       1066      0.914         20
      1          0               0        190       1327      0.479         20
      1          0               0        298       2183      0.968         20
      1          0               0        226       1312      0.794         20
      1          0               0        197       1299      0.651         20
      1          0               0        241       1021      0.612         20
      1          0               0        198       1091      0.580         20
      1          0               0         90        730      0.268         20
      1          0               0        206       1149      0.658         20
      1          0               0        192       1400      0.763         20
      1          0               0         77        506      0.230         20
      1          0               0         90        541      0.287         20
      1          0               0        245        838      0.733         20
      1          0               0        121        768      0.272         20
      1          0               0         37        240      0.088         20
      1          0               0        199       1021      0.628         20
      1          0               0        228       1272      0.649         20
      1          0               0        233       1263      0.673         20
      1          0               0         95        785      0.394         20
      1          0               0        116        890      0.329         20
      1          0               0        248       1205      0.678         20
      1          0               0        175        878      0.488         20
      1          0               0        162       1322      0.534         20
      1          0               0        120        780      0.355         20
      1          0               0        102        691      0.367         20
      1          0               0        101        745      0.343         20
      1          0               0        118        709      0.363         20
      1          0               0        238       1638      0.722         20
      1          0               0        183       1444      0.885         30
      1          0               0        109        579      0.487         30
      1          0               0        147        844      0.763         30
      1          0               0        240       2052      1.364         30
      1          0               0        121       1192      0.533         30
      1          0               0        168       1049      0.798         30
      1          0               0        193       1702      0.918         30
      1          0               0        171       2037      0.983         30
      1          0               0        237       1329      1.192         30
      1          0               0        175       1314      0.952         30
      1          0               0        164       1404      1.028         30
      1          0               0        102        983      0.662         30
      1          0               0        133        845      0.696         30
      1          0               0        168       1460      0.990         30
      1          0               0        196       1772      0.921         30
      1          0               0         90        818      0.409         30
      1          0               0        282       2634      1.564         30
      1          0               0        194       1483      0.971         30
      1          0               0        248       2122      1.548         30
      1          0               0        181       1334      1.134         30
      1          0               0        152       1498      0.971         30
      1          0               0        187       1286      0.998         30
      1          0               0        214       2171      1.095         30
      1          0               0        164       1934      1.146         30
      1          0               0        174       1510      1.429         30
      1          0               0        162       1325      1.418         30
      1          0               0        205       1775      1.303         30
      1          0               0        195       1375      0.918         30
      1          0               0        186       1769      1.268         30
      1          0               0        110        772      0.491         30
      1          0               0        215       1999      2.062         30
      1          0               0         99        717      0.455         30
      1          0               0        175       1326      1.280         30
      1          0               0        124        818      0.572         30
      1          0               0        176       1199      0.975         30
      1          0               0        166       1616      1.097         30
      1          0               0        157       1215      0.954         30
      1          0               0        298       2340      1.462         30
      1          0               0        294       2574      1.789         30
      1          0               0        177       1430      1.055         30
      1          0               0        189       1554      1.212         30
      1          0               0        143       1079      1.168         30
      1          0               0        278       2115      1.400         30
      1          0               0        218       1617      1.333         30
      1          0               0        164       1162      0.873         30
      1          0               0         73        796      0.459         30
      1          0               0        192       1004      0.941         30
      1          0               0        141       1228      0.707         30
      1          0               0        160       1147      0.757         30
      1          0               0        231       1986      1.389         30
      1          0               0        199       1508      0.920         30
      1          0               0        253       2059      1.400         30
      1          0               0        162       1393      1.000         30
      1          0               0        189       1211      1.246         30
      1          0               0        183       1745      1.291         30
      1          0               0        258       1816      1.846         30
      1          0               0        225       1692      1.573         30
      1          0               0        267       2034      1.663         30
      1          0               0        240       2615      1.368         30
      1          0               0        166       1483      1.133         30
      1          0               0         86        740      0.589         30
      1          0               0        287       2315      1.376         30
      1          0               0        235       2042      1.165         30
      1          0               0        229       1784      1.643         30
      1          0               0        238       1855      1.833         30
      1          0               0        133        820      0.678         30
      1          0               0        169       1404      0.997         30
      1          0               0        145        998      0.839         30
      1          0               0        224       1968      1.879         30
      1          0               0        251       2297      2.219         30
      1          0               0        131       1180      1.360         30
      1          0               0        203       1326      1.277         30
      1          0               0        213       1889      2.854         30
      1          0               0        230       1667      1.129         30
      1          0               0        250       2911      1.642         30
      1          0               0        208       1663      1.029         30
      1          0               0        192       2047      1.129         30
      1          0               0        263       1590      1.602         30
      1          0               0        244       1609      1.441         30
      1          0               0        129       1212      0.994         30
      1          0               0        165       1326      1.174         30
      1          0               0        137       1555      1.136         30
      1          0               0        151       1594      1.157         30
      1          0               0        103        780      0.614         30
      1          0               0        279       2381      1.980         30
      1          0               0        152       1759      0.879         30
      1          0               0        216       1102      1.310         30
      1          0               0        193       1456      1.567         30
      1          0               0        287       2820      1.540         30
      1          0               0        242       1971      1.976         30
      1          0               0        166       1446      2.231         30
      1          0               0        188       1599      0.953         30
      1          0               0        213       1724      0.974         30
      1          0               0        226       1362      1.225         30
      1          0               0        246       2804      1.512         30
      1          0               0        200       1831      1.169         30
      1          0               0        234       1801      1.429         30
      1          0               0        140       1412      0.999         30
      1          0               0        153       1023      0.759         30
      1          0               0        252       2217      1.377         30
      1          0               0        151       1284      1.187         40
      1          0               0        228       1642      2.587         40
      1          0               0        195       2000      1.543         40
      1          0               0        174       2576      1.621         40
      1          0               0        122       1457      0.788         40
      1          0               0        266       2377      3.251         40
      1          0               0        159       1367      1.528         40
      1          0               0        176       1932      1.443         40
      1          0               0        217       1703      1.723         40
      1          0               0        177       1639      1.728         40
      1          0               0        201       2601      3.076         40
      1          0               0        125       1607      1.543         40
      1          0               0        144       1514      1.407         40
      1          0               0        156       2065      1.935         40
      1          0               0        174       1989      1.279         40
      1          0               0        146       1815      1.262         40
      1          0               0        253       1783      2.325         40
      1          0               0        169       1528      1.369         40
      1          0               0        166       1992      1.676         40
      1          0               0        180       1945      3.237         40
      1          0               0        209       2664      2.609         40
      1          0               0        227       2543      3.421         40
      1          0               0        192       2160      2.279         40
      1          0               0        143       1265      1.738         40
      1          0               0        231       2270      3.480         40
      1          0               0        125       1450      1.091         40
      1          0               0        103       1322      0.874         40
      1          0               0        195       1934      1.600         40
      1          0               0        159       1854      1.737         40
      1          0               0        103       1125      1.086         40
      1          0               0        256       2697      4.073         40
      1          0               0        111       1139      0.826         40
      1          0               0        287       2243      2.947         40
      1          0               0        248       1923      2.546         40
      1          0               0        172       1221      1.899         40
      1          0               0        237       2833      2.798         40
      1          0               0        184       1883      2.292         40
      1          0               0        204       1826      1.529         40
      1          0               0        277       1928      2.474         40
      1          0               0        118       1455      1.071         40
      1          0               0        107       1086      0.827         40
      1          0               0        209       1753      1.377         40
      1          0               0        250       2920      2.034         40
      1          0               0        180       1932      1.501         40
      1          0               0        112       1141      0.865         40
      1          0               0        118       1429      1.208         40
      1          0               0        207       1683      2.041         40
      1          0               0        219       2377      2.153         40
      1          0               0        188       1592      1.932         40
      1          0               0        220       2445      2.321         40
      1          0               0        182       1568      1.576         40
      1          0               0        246       2073      2.272         40
      1          0               0        147       1618      1.483         40
      1          0               0        184       1448      2.187         40
      1          0               0        132       1372      1.582         40
      1          0               0        254       2108      2.488         40
      1          0               0        184       1950      2.383         40
      1          0               0        202       2352      3.234         40
      1          0               0        273       3934      4.176         40
      1          0               0        173       1583      1.883         40
      1          0               0        229       2234      2.381         40
      1          0               0        100       1330      0.834         40
      1          0               0        302       3160      2.590         40
      1          0               0        254       2400      3.217         40
      1          0               0        306       3726      4.658         40
      1          0               0        205       1686      1.795         40
      1          0               0        167       1224      1.338         40
      1          0               0        140       1325      1.033         40
      1          0               0        239       2450      3.276         40
      1          0               0        205       2017      2.260         40
      1          0               0        131       1318      1.394         40
      1          0               0        199       1724      1.652         40
      1          0               0        168       1515      2.730         40
      1          0               0        243       2529      2.090         40
      1          0               0        289       3882      3.727         40
      1          0               0        223       2426      3.167         40
      1          0               0        216       2586      2.151         40
      1          0               0        257       2494      4.175         40
      1          0               0        174       1153      1.844         40
      1          0               0        209       1788      2.963         40
      1          0               0        190       2337      2.361         40
      1          0               0        183       1876      2.052         40
      1          0               0        150       2010      1.371         40
      1          0               0        191       1860      2.720         40
      1          0               0        199       1563      1.912         40
      1          0               0        139       1385      1.983         40
      1          0               0        121       1043      1.439         40
      1          0               0        146       1527      1.747         40
      1          0               0        281       3430      3.255         40
      1          0               0        271       3196      2.920         40
      1          0               0         98       1682      2.022         40
      1          0               0        246       2521      2.420         40
      1          0               0        278       3738      2.663         40
      1          0               0        241       2322      1.994         40
      1          0               0        196       2646      1.842         40
      1          0               0        187       1897      2.105         40
      1          0               0        284       2011      5.265         40
      1          0               0        152       2078      2.226         40
      1          0               0        147       1402      1.367         40
      1          0               0        221       2741      2.157         40
      1          0               0         66        898      0.793         50
      1          0               0        226       2116      4.134         50
      1          0               0        258       3474      5.365         50
      1          0               0        270       4349      4.988         50
      1          0               0         72       1014      0.730         50
      1          0               0        270       2560      5.316         50
      1          0               0        174       2235      2.511         50
      1          0               0        142       2191      2.467         50
      1          0               0        192       2303      2.548         50
      1          0               0        191       2105      3.519         50
      1          0               0        208       3160      3.809         50
      1          0               0        135       2337      2.597         50
      1          0               0        130       1935      1.969         50
      1          0               0        161       2667      3.029         50
      1          0               0        233       2753      3.569         50
      1          0               0        238       3123      4.075         50
      1          0               0        253       3323      3.449         50
      1          0               0        127       1485      1.511         50
      1          0               0        236       3018      4.129         50
      1          0               0        164       2183      3.041         50
      1          0               0        199       3088      4.292         50
      1          0               0        194       2563      3.683         50
      1          0               0        173       2348      2.213         50
      1          0               0        112        840      1.176         50
      1          0               0        174       2904      4.671         50
      1          0               0        128       1346      1.724         50
      1          0               0        245       3249      3.838         50
      1          0               0        156       2126      2.597         50
      1          0               0        202       2772      3.857         50
      1          0               0        171       2439      2.598         50
      1          0               0        251       2852      4.951         50
      1          0               0        206       2386      2.600         50
      1          0               0        259       3741      4.221         50
      1          0               0        242       2291      5.047         50
      1          0               0        160       1984      3.214         50
      1          0               0        141       1709      2.483         50
      1          0               0        202       2695      3.439         50
      1          0               0        205       2025      2.307         50
      1          0               0        148       1625      1.763         50
      1          0               0        262       3339      4.722         50
      1          0               0         99       1225      1.163         50
      1          0               0        189       1849      2.186         50
      1          0               0        319       4725      4.225         50
      1          0               0        248       2863      2.453         50
      1          0               0        193       2256      2.721         50
      1          0               0        120       1625      2.163         50
      1          0               0        191       2988      3.356         50
      1          0               0        232       2966      3.203         50
      1          0               0        215       1677      2.223         50
      1          0               0        245       3190      3.799         50
      1          0               0        168       1655      1.860         50
      1          0               0        158       1816      2.214         50
      1          0               0        212       2314      2.516         50
      1          0               0        161       1051      2.282         50
      1          0               0        149       2027      3.541         50
      1          0               0        260       3393      3.959         50
      1          0               0        266       3733      4.307         50
      1          0               0        254       3398      5.209         50
      1          0               0        184       3080      2.873         50
      1          0               0        251       3012      4.930         50
      1          0               0        283       2582      3.901         50
      1          0               0        152       2164      1.728         50
      1          0               0        166       1857      1.989         50
      1          0               0        174       2097      2.753         50
      1          0               0        223       3120      5.112         50
      1          0               0        232       2845      4.032         50
      1          0               0        201       2147      2.262         50
      1          0               0        109       1146      1.043         50
      1          0               0        166       2429      3.534         50
      1          0               0        202       2381      4.182         50
      1          0               0        138       1949      2.976         50
      1          0               0        281       2887      4.174         50
      1          0               0        170       1600      3.093         50
      1          0               0        220       3154      3.830         50
      1          0               0        253       3910      5.153         50
      1          0               0        215       2787      3.786         50
      1          0               0        221       2659      2.493         50
      1          0               0        207       1991      3.440         50
      1          0               0        128       1314      1.906         50
      1          0               0        132       1421      1.906         50
      1          0               0        265       4221      4.389         50
      1          0               0        215       2896      4.477         50
      1          0               0        154       2015      2.138         50
      1          0               0        256       3177      5.334         50
      1          0               0        209       2868      2.724         50
      1          0               0        103       1061      1.255         50
      1          0               0        182       2194      3.187         50
      1          0               0        157       1750      5.514         50
      1          0               0        289       4410      5.508         50
      1          0               0        150       1848      2.285         50
      1          0               0        103       2085      3.050         50
      1          0               0        219       2434      2.570         50
      1          0               0        187       2069      2.329         50
      1          0               0        168       2350      2.114         50
      1          0               0        229       3110      4.708         50
      1          0               0        205       2741      3.652         50
      1          0               0        215       2825      5.042         50
      1          0               0        164       2521      4.002         50
      1          0               0        180       2777      2.954         50
      1          0               0        213       3056      4.598         50
      1          0               0        151       2100      3.210         60
      1          0               0        305       5478     10.123         60
      1          0               0        278       5114     11.857         60
      1          0               0        156       2269      3.200         60
      1          0               0        119       1943      1.816         60
      1          0               0        204       3224      5.596         60
      1          0               0        131       2100      3.085         60
      1          0               0        166       2722      3.817         60
      1          0               0        164       2040      3.467         60
      1          0               0        117       1488      3.590         60
      1          0               0        270       4468      9.085         60
      1          0               0        188       3821      4.957         60
      1          0               0        157       2246      4.318         60
      1          0               0        172       3195      3.921         60
      1          0               0        251       3134      3.930         60
      1          0               0        260       4687      6.136         60
      1          0               0        256       3035      4.427         60
      1          0               0        148       2175      3.425         60
      1          0               0        248       3144      5.921         60
      1          0               0        184       3017      5.880         60
      1          0               0        204       3198      5.315         60
      1          0               0        116       1997      3.049         60
      1          0               0        179       2132      2.839         60
      1          0               0        151       1804      2.663         60
      1          0               0        166       2947      5.463         60
      1          0               0        192       2873      5.943         60
      1          0               0        207       3613      4.837         60
      1          0               0        146       2524      4.440         60
      1          0               0        161       3976      5.141         60
      1          0               0        128       1823      2.454         60
      1          0               0        225       3254      8.116         60
      1          0               0        123       2274      2.543         60
      1          0               0        292       4546      8.802         60
      1          0               0        215       2893      6.571         60
      1          0               0        173       2204      3.922         60
      1          0               0        297       5333     11.638         60
      1          0               0        221       2764      6.293         60
      1          0               0        284       3477      5.415         60
      1          0               0        187       1949      3.398         60
      1          0               0        218       2682      3.600         60
      1          0               0        188       2373      4.485         60
      1          0               0        180       2428      3.422         60
      1          0               0        244       3302      5.187         60
      1          0               0        226       2461      4.648         60
      1          0               0        224       3073      4.479         60
      1          0               0        212       2806      7.466         60
      1          0               0        168       3054      5.769         60
      1          0               0        198       2407      4.762         60
      1          0               0        196       2003      3.684         60
      1          0               0        133       1677      3.009         60
      1          0               0        175       2432      3.274         60
      1          0               0        195       2729      4.127         60
      1          0               0        164       2584      2.911         60
      1          0               0        168       1725      3.488         60
      1          0               0        164       2206      3.909         60
      1          0               0        209       3392      4.729         60
      1          0               0        187       3455      5.167         60
      1          0               0        286       5025      6.809         60
      1          0               0        183       3123      3.384         60
      1          0               0        214       2910      8.059         60
      1          0               0        132       1540      3.336         60
      1          0               0        148       1744      3.981         60
      1          0               0        191       3277      4.160         60
      1          0               0        197       2735      3.872         60
      1          0               0        134       2043      5.210         60
      1          0               0        245       3347      7.469         60
      1          0               0        229       3196      4.015         60
      1          0               0        225       3239      3.864         60
      1          0               0        324       5130     12.812         60
      1          0               0        205       2378      5.447         60
      1          0               0        122       1817      3.654         60
      1          0               0        193       1724      2.800         60
      1          0               0        168       1756      5.419         60
      1          0               0         97       1319      1.524         60
      1          0               0        240       4199      6.256         60
      1          0               0        250       3725      6.458         60
      1          0               0        263       3651      5.089         60
      1          0               0        264       3756      7.332         60
      1          0               0        191       2396      7.478         60
      1          0               0        245       2938      8.005         60
      1          0               0        258       2959      5.875         60
      1          0               0        189       3427      6.893         60
      1          0               0        156       1980      2.705         60
      1          0               0        186       2404      4.683         60
      1          0               0        164       2406      3.554         60
      1          0               0         87       1116      1.806         60
      1          0               0        136       1762      4.008         60
      1          0               0        164       2590      5.832         60
      1          0               0        289       4945     10.058         60
      1          0               0        180       2337      4.500         60
      1          0               0        105       1925      3.740         60
      1          0               0        256       4321      7.057         60
      1          0               0        259       3586      5.521         60
      1          0               0        205       3197      4.988         60
      1          0               0        259       4726      9.137         60
      1          0               0        221       3251      4.584         60
      1          0               0        207       3073      9.011         60
      1          0               0        178       2638      6.857         60
      1          0               0        161       2894      4.664         60
      1          0               0        232       4567      7.018         60
