success  collision  collision_obst   makespan   flowtime    runtime     number
      1          0               0         73        272      0.080         10
      1          0               0         46        237      0.135         20
      1          0               0         90        534      0.952         30
      1          0               0         91        679      2.064         40
      1          0               0        100       1094      5.076         50
      1          0               0         69        765     10.234         60
      1          0               0         85        988     20.949         70
      1          0               0         48        710     45.254         80
      1          0               0        103       1569    153.590         90
      1          0               0         57       1212    105.505        100
      1          0               0         81        363      0.109         10
      1          0               0         67        503      0.214         20
      1          0               0         83        752      0.601         30
      1          0               0         76        774      0.963         40
      1          0               0         88       1097      2.017         50
      1          0               0         62        955      2.125         60
      1          0               0         95       1554      6.854         70
      1          0               0         87       2054     14.491         80
      1          0               0        111       3352     35.054         90
      1          0               0        114       4024     88.017        100
      1          0               0         81        245      0.103         10
      1          0               0         69        717      0.328         20
      1          0               0         83        698      0.924         30
      1          0               0         78       1016      2.856         40
      1          0               0         58        738      3.538         50
      1          0               0         66        913      8.363         60
      1          0               0         69        832     15.866         70
      1          0               0         61        934     21.665         80
      1          0               0         75       1476     55.199         90
      1          0               0         88       2023     95.496        100
      1          0               0         94        341      0.106         10
      1          0               0         57        410      0.143         20
      1          0               0         81        562      0.531         30
      1          0               0         37        423      0.496         40
      1          0               0         64        573      2.786         50
      1          0               0         71        712      4.433         60
      1          0               0         69       1039     12.919         70
      1          0               0         67       1103     18.671         80
      1          0               0         75       1427     32.730         90
      1          0               0         38        898     21.140        100
      1          0               0         34        144      0.034         10
      1          0               0         28        129      0.074         20
      1          0               0         52        479      0.442         30
      1          0               0        121       1580      2.537         40
      1          0               0         80       1178      3.451         50
      1          0               0         84       1778      8.866         60
      1          0               0         91       1767     15.893         70
      1          0               0         85       1508     27.835         80
      1          0               0         92       1888     48.042         90
      1          0               0         88       1950     69.449        100
      1          0               0         71        263      0.090         10
      1          0               0         70        375      0.208         20
      1          0               0         40        322      0.338         30
      1          0               0         76        643      1.631         40
      1          0               0         46        486      1.776         50
      1          0               0        103       1496      8.220         60
      1          0               0         63        838      8.628         70
      1          0               0         89       1488     26.395         80
      1          0               0         92       1579     87.162         90
      1          0               0         97       2711    133.526        100
      1          0               0         61        321      0.078         10
      1          0               0         52        313      0.150         20
      1          0               0         60        493      0.492         30
      1          0               0        108       1365      2.773         40
      1          0               0         45        551      2.207         50
      1          0               0         74        883     15.609         60
      1          0               0        103       1369     38.136         70
      1          0               0        113       2099     75.780         80
      1          0               0        110       2881    118.557         90
      1          0               0         64       1508     80.191        100
      1          0               0         64        175      0.069         10
      1          0               0         59        365      0.190         20
      1          0               0         51        445      0.394         30
      1          0               0         32        328      0.481         40
      1          0               0         69        844      3.725         50
      1          0               0         79        842     11.458         60
      1          0               0         87       1159     22.903         70
      1          0               0         90       1173     40.850         80
      1          0               0         95       2116     65.849         90
      1          0               0        101       2227     88.891        100
      1          0               0         75        251      0.084         10
      1          0               0         83        353      0.270         20
      1          0               0         88        547      0.631         30
      1          0               0         53        478      1.019         40
      1          0               0         98       1117      9.739         50
      1          0               0         45        552      5.269         60
      1          0               0         67        814     16.365         70
      1          0               0         99       1265     54.190         80
      1          0               0         73       1164     61.516         90
      1          0               0         64       1166     78.230        100
      1          0               0         64        283      0.085         10
      1          0               0         54        273      0.144         20
      1          0               0         55        465      0.305         30
      1          0               0         65        542      0.748         40
      1          0               0         75       1290      2.414         50
      1          0               0         67        870      9.158         60
      1          0               0         69        982     19.613         70
      1          0               0        100       2020     34.891         80
      1          0               0         74       1150     55.865         90
      1          0               0         80       1269     82.996        100
      1          0               0         69        193      0.073         10
      1          0               0         90        447      0.265         20
      1          0               0        107        921      0.778         30
      1          0               0        130       1496      1.936         40
      1          0               0        119       1872      7.128         50
      1          0               0        122       2602     15.804         60
      1          0               0        101       1964     23.040         70
      1          0               0        108       2004     40.975         80
      1          0               0         95       1978    117.261         90
      1          0               0        116       2910    178.148        100
      1          0               0         33        102      0.036         10
      1          0               0         64        375      0.177         20
      1          0               0         96        851      0.703         30
      1          0               0         72        797      1.108         40
      1          0               0        105       1239      4.384         50
      1          0               0         63        851      5.382         60
      1          0               0         72       1186     16.949         70
      1          0               0         85       1631     36.160         80
      1          0               0         70       1581     50.347         90
      1          0               0        100       2634    120.637        100
      1          0               0         23        106      0.023         10
      1          0               0         65        424      0.194         20
      1          0               0         71        493      0.461         30
      1          0               0         88       1063      1.843         40
      1          0               0         84       1201      5.245         50
      1          0               0         69        935      6.943         60
      1          0               0         95       1790     19.204         70
      1          0               0         82       1631     26.853         80
      1          0               0         63       1606     21.777         90
      1          0               0         76       1880     66.409        100
      1          0               0         21         70      0.020         10
      1          0               0         46        294      0.132         20
      1          0               0         51        503      0.321         30
      1          0               0         65        837      1.474         40
      1          0               0         75        757      5.354         50
      1          0               0         77        932     20.432         60
      1          0               0         99       1777     38.030         70
      1          0               0         97       1730     69.681         80
      1          0               0         96       2128    111.778         90
      1          0               0        108       2777    222.976        100
      1          0               0         38        113      0.044         10
      1          0               0         37        206      0.121         20
      1          0               0         54        361      0.380         30
      1          0               0         35        383      0.507         40
      1          0               0         62        611      1.979         50
      1          0               0         68       1080      8.346         60
      1          0               0         73       1142     11.543         70
      1          0               0         77       1217     36.107         80
      1          0               0         71       1514     54.937         90
      1          0               0         82       1942    109.526        100
      1          0               0         63        320      0.094         10
      1          0               0        109        974      0.374         20
      1          0               0        100       1022      0.785         30
      1          0               0        109       1335      2.028         40
      1          0               0         96       1588      3.714         50
      1          0               0        102       1902      7.632         60
      1          0               0         92       1779     16.901         70
      1          0               0        112       2215     40.864         80
      1          0               0         92       1876     78.165         90
      1          0               0        107       2497    129.410        100
      1          0               0         24         86      0.024         10
      1          0               0         56        243      0.155         20
      1          0               0         93        882      0.831         30
      1          0               0         90        937      1.855         40
      1          0               0         96       1245      5.985         50
      1          0               0         69        917      8.347         60
      1          0               0         56        776     10.949         70
      1          0               0         59        825     24.672         80
      1          0               0         38        703     19.007         90
      1          0               0         61       1213     48.992        100
      1          0               0        103        301      0.107         10
      1          0               0         89        641      0.233         20
      1          0               0         85        788      0.490         30
      1          0               0         99       1233      1.332         40
      1          0               0         92       1087      3.068         50
      1          0               0         80       1180      6.157         60
      1          0               0         79       1421     18.870         70
      1          0               0        105       2049     34.792         80
      1          0               0        114       2311     65.781         90
      1          0               0        144       3737    115.452        100
      1          0               0         34        172      0.035         10
      1          0               0         70        570      0.223         20
      1          0               0         50        624      0.274         30
      1          0               0         34        447      0.437         40
      1          0               0         86       1043      2.683         50
      1          0               0         84       1296      7.030         60
      1          0               0         66       1322     11.761         70
      1          0               0         83       1338     33.991         80
      1          0               0         65       1229     34.688         90
      1          0               0         77       1288     69.662        100
      1          0               0         49        184      0.061         10
      1          0               0         46        343      0.107         20
      1          0               0         56        346      0.290         30
      1          0               0         69        560      0.873         40
      1          0               0         47        490      1.278         50
      1          0               0        115       1287     11.208         60
      1          0               0         54        912     10.534         70
      1          0               0         53       1003     19.243         80
      1          0               0         90       1830     54.570         90
      1          0               0         86       1436     76.833        100
      1          0               0         83        377      0.095         10
      1          0               0         87        559      0.233         20
      1          0               0         84        691      0.702         30
      1          0               0         54        580      0.791         40
      1          0               0        117       1207      5.529         50
      1          0               0        104       1055      8.400         60
      1          0               0        104       1915     14.806         70
      1          0               0        113       2402     37.494         80
      1          0               0        113       2103     58.472         90
      1          0               0         97       1801     71.679        100
      1          0               0         35        131      0.071         10
      1          0               0         82        356      0.230         20
      1          0               0         85        837      0.616         30
      1          0               0         63        545      1.231         40
      1          0               0         80        801      2.906         50
      1          0               0         46        632      4.470         60
      1          0               0         74        880     13.518         70
      1          0               0         87       1596     32.630         80
      1          0               0         82       1799     51.296         90
      1          0               0         51       1121     50.073        100
      1          0               0         75        280      0.105         10
      1          0               0         65        212      0.224         20
      1          0               0         78        620      0.807         30
      1          0               0         65        465      0.993         40
      1          0               0         74        645      3.880         50
      1          0               0         66        965      6.032         60
      1          0               0         77       1054     12.403         70
      1          0               0         71        810     16.957         80
      1          0               0         67       1183     31.553         90
      1          0               0         70       1501     57.793        100
      1          0               0         64        196      0.061         10
      1          0               0        140       1021      0.388         20
      1          0               0        121       1041      0.827         30
      1          0               0        125        919      1.330         40
      1          0               0         92       1132      2.599         50
      1          0               0         97       1453      5.040         60
      1          0               0         89       1050      6.576         70
      1          0               0        112       1780     33.823         80
      1          0               0         73       1415    108.947         90
      1          0               0         76       1655    165.378        100
      1          0               0         51        146      0.054         10
      1          0               0         37        305      0.109         20
      1          0               0         78        718      0.615         30
      1          0               0         56        536      0.556         40
      1          0               0         75       1130      3.413         50
      1          0               0         74       1319      6.348         60
      1          0               0         75       1099     15.643         70
      1          0               0         35        676      7.015         80
      1          0               0         55       1187     35.443         90
      1          0               0         85       1261    126.625        100
      1          0               0         33        156      0.034         10
      1          0               0         58        421      0.184         20
      1          0               0         95        885      1.147         30
      1          0               0         51        758      1.150         40
      1          0               0         83        760      4.287         50
      1          0               0         76       1107     11.740         60
      1          0               0         67       1329     15.759         70
      1          0               0         68       1326     27.202         80
      1          0               0         62       1591     39.089         90
      1          0               0         78       1622    125.784        100
      1          0               0         79        303      0.081         10
      1          0               0         75        480      0.193         20
      1          0               0         66        575      0.454         30
      1          0               0         86       1203      1.171         40
      1          0               0         94       1435      3.307         50
      1          0               0        101       1061      9.306         60
      1          0               0        100       1331     22.136         70
      1          0               0         47        705     10.723         80
      1          0               0         51        910     37.126         90
      1          0               0         88       1800    108.993        100
      1          0               0         12         44      0.011         10
      1          0               0         11         66      0.027         20
      1          0               0         80        413      0.549         30
      1          0               0         30        333      0.715         40
      1          0               0         75        605      4.730         50
      1          0               0         99       1181     10.682         60
      1          0               0         96       1193     23.237         70
      1          0               0         51        701     16.166         80
      1          0               0         97       1993     66.046         90
      1          0               0        101       3201    112.748        100
      1          0               0         26        102      0.030         10
      1          0               0         94        652      0.356         20
      1          0               0         74        536      0.528         30
      1          0               0         83        791      1.419         40
      1          0               0         78        602      2.715         50
      1          0               0         67        866      7.460         60
      1          0               0         88       1322     20.966         70
      1          0               0         90       1662     51.086         80
      1          0               0         83       2379    120.116         90
      1          0               0         83       1883    161.056        100
      1          0               0         51        119      0.066         10
      1          0               0         80        742      0.283         20
      1          0               0         68        454      0.369         30
      1          0               0         49        431      0.962         40
      1          0               0         87        706      7.140         50
      1          0               0         44        555      5.371         60
      1          0               0        116       1335     31.390         70
      1          0               0         95       1154     36.152         80
      1          0               0         81       1255     52.559         90
      1          0               0        104       1955     99.249        100
      1          0               0         68        222      0.086         10
      1          0               0        101        802      0.336         20
      1          0               0         65        520      0.336         30
      1          0               0         53        425      0.722         40
      1          0               0         77        919      2.215         50
      1          0               0         79       1408      7.964         60
      1          0               0         93       1842     18.946         70
      1          0               0         77       1390     26.390         80
      1          0               0         74       1218     58.777         90
      1          0               0         98       1643    116.617        100
      1          0               0         65        338      0.105         10
      1          0               0         81        686      0.287         20
      1          0               0         73        661      0.676         30
      1          0               0         75        983      2.424         40
      1          0               0         86       1350      5.319         50
      1          0               0         90       1622     15.461         60
      1          0               0         76       1556     42.179         70
      1          0               0         89       1880     80.441         80
      1          0               0         89       1957     94.227         90
      1          0               0        102       2100    185.018        100
      1          0               0         59        149      0.060         10
      1          0               0         71        277      0.211         20
      1          0               0         95        696      0.752         30
      1          0               0         98        967      1.463         40
      1          0               0         83       1158      3.898         50
      1          0               0        109       1981     13.120         60
      1          0               0        110       2596     33.194         70
      1          0               0        115       3142     80.826         80
      1          0               0        123       4120    145.824         90
      1          0               0        119       4218    250.460        100
      1          0               0         18         67      0.019         10
      1          0               0         89        631      0.323         20
      1          0               0        105       1058      1.038         30
      1          0               0         98       1168      3.046         40
      1          0               0         84       1123      6.614         50
      1          0               0         91       1334     13.745         60
      1          0               0         89       1570     23.042         70
      1          0               0         81       1845     34.081         80
      1          0               0         50        989     30.376         90
      1          0               0         85       1755     73.808        100
      1          0               0         63        233      0.081         10
      1          0               0         68        442      0.327         20
      1          0               0         65        504      0.613         30
      1          0               0         54        570      1.796         40
      1          0               0         56        597      3.237         50
      1          0               0         60        651      5.674         60
      1          0               0         64        803      9.248         70
      1          0               0        105       1503     31.557         80
      1          0               0        111       2375     51.820         90
      1          0               0         68       1679     49.083        100
      1          0               0         50        147      0.057         10
      1          0               0         92        438      0.230         20
      1          0               0         36        268      0.322         30
      1          0               0         75        550      1.512         40
      1          0               0         84        621      4.888         50
      1          0               0         43        496      3.276         60
      1          0               0         44        486     11.897         70
      1          0               0         90       1327     60.133         80
      1          0               0         85       1787    102.230         90
      1          0               0         60       1029    124.858        100
      1          0               0         70        277      0.086         10
      1          0               0         88        606      0.356         20
      1          0               0         86        942      0.798         30
      1          0               0         90       1176      1.460         40
      1          0               0         93       1055      4.338         50
      1          0               0         86       1161      8.891         60
      1          0               0         98       1202     21.642         70
      1          0               0         85       1233     41.857         80
      1          0               0         86       1455    130.488         90
      1          0               0         56        939    115.735        100
      1          0               0         97        512      0.120         10
      1          0               0         98        653      0.393         20
      1          0               0        103        726      0.733         30
      1          0               0        120       1529      2.315         40
      1          0               0         93       1339      5.964         50
      1          0               0        105       1502     15.569         60
      1          0               0         94       1589     31.601         70
      1          0               0         85       1352     77.554         80
      1          0               0         91       2132    122.410         90
      1          0               0         98       2123    157.881        100
      1          0               0         85        337      0.085         10
      1          0               0         84        470      0.205         20
      1          0               0         85        921      0.770         30
      1          0               0         65        829      1.429         40
      1          0               0         74       1179      3.466         50
      1          0               0         68        936      6.530         60
      1          0               0         91       1887     13.582         70
      1          0               0         45        712      9.670         80
      1          0               0         70       1252     26.177         90
      1          0               0         65       1177     51.472        100
      1          0               0         45        142      0.045         10
      1          0               0         40        152      0.096         20
      1          0               0         69        474      0.406         30
      1          0               0         61        600      0.848         40
      1          0               0         68        890      2.259         50
      1          0               0         91       1349      6.225         60
      1          0               0        105       1989     11.485         70
      1          0               0         91       1794     24.579         80
      1          0               0         88       2219     41.690         90
      1          0               0        105       3010     75.628        100
      1          0               0         81        299      0.088         10
      1          0               0         77        516      0.280         20
      1          0               0         63        490      0.401         30
      1          0               0         73        583      1.083         40
      1          0               0         86        899      3.074         50
      1          0               0         74       1129      8.777         60
      1          0               0        111       1454     21.200         70
      1          0               0        113       2220     41.064         80
      1          0               0        123       2618     73.722         90
      1          0               0        121       3448    115.404        100
      1          0               0         48        184      0.056         10
      1          0               0         77        594      0.376         20
      1          0               0         82        871      0.899         30
      1          0               0         80       1012      1.764         40
      1          0               0         98       1223      5.511         50
      1          0               0         98       1793     10.450         60
      1          0               0         80       1377     16.491         70
      1          0               0         63       1467     22.879         80
      1          0               0         93       2249     51.825         90
      1          0               0         56       1382     35.840        100
      1          0               0         66        235      0.078         10
      1          0               0         75        453      0.233         20
      1          0               0         84        862      0.519         30
      1          0               0        101       1235      1.994         40
      1          0               0         90       1046      3.345         50
      1          0               0         86       1855      6.808         60
      1          0               0         80       1692     12.161         70
      1          0               0        103       2318     37.957         80
      1          0               0        111       2722     73.471         90
      1          0               0        108       3482    106.411        100
      1          0               0         18         84      0.020         10
      1          0               0         80        350      0.243         20
      1          0               0         80       1062      0.792         30
      1          0               0         85        749      1.152         40
      1          0               0         61        602      1.457         50
      1          0               0         71        717      4.414         60
      1          0               0         53        881      7.351         70
      1          0               0         63       1026     41.994         80
      1          0               0         64       1036     46.764         90
      1          0               0         62        963     78.945        100
      1          0               0         73        401      0.084         10
      1          0               0         68        407      0.274         20
      1          0               0         71        510      0.769         30
      1          0               0         75        803      2.360         40
      1          0               0         71       1270      3.930         50
      1          0               0         61       1030      7.624         60
      1          0               0         70       1047     14.031         70
      1          0               0         73       1235     28.661         80
      1          0               0         70       1394     39.156         90
      1          0               0         63       1290     54.282        100
      1          0               0         31         90      0.032         10
      1          0               0         95        350      0.304         20
      1          0               0         84        651      0.546         30
      1          0               0         75        859      1.212         40
      1          0               0         77        998      3.182         50
      1          0               0        104       1443      7.657         60
      1          0               0        110       1816     26.126         70
      1          0               0        102       1978     39.568         80
      1          0               0         82       1558     47.084         90
      1          0               0        105       1901    114.226        100
      1          0               0         52        206      0.055         10
      1          0               0         88        774      0.323         20
      1          0               0         66        485      0.541         30
      1          0               0         86       1040      3.647         40
      1          0               0         82       1302      6.314         50
      1          0               0         64        906     10.310         60
      1          0               0         57        905     14.189         70
      1          0               0        102       1704     53.355         80
      1          0               0         86       1557    149.349         90
      1          0               0         74       1510    183.266        100
      1          0               0         49        222      0.053         10
      1          0               0         59        420      0.169         20
      1          0               0         73        597      0.701         30
      1          0               0        104        939      1.965         40
      1          0               0         91        856      3.984         50
      1          0               0         94       1069     10.589         60
      1          0               0         50        790     11.863         70
      1          0               0         76       1058     45.984         80
      1          0               0         95       1676     84.312         90
      1          0               0         92       2459    103.027        100
      1          0               0         65        230      0.068         10
      1          0               0         68        337      0.179         20
      1          0               0         51        396      0.336         30
      1          0               0         84        850      1.233         40
      1          0               0         84       1357      3.163         50
      1          0               0         83       1138      5.064         60
      1          0               0        102       1560     22.243         70
      1          0               0        109       2090     80.139         80
      1          0               0         63       1403     77.349         90
      1          0               0         67       1349    121.263        100
      1          0               0         31        102      0.031         10
      1          0               0         77        428      0.243         20
      1          0               0        101       1037      0.665         30
      1          0               0         80       1057      1.350         40
      1          0               0         78       1350      3.623         50
      1          0               0         79       1117      7.733         60
      1          0               0         85       1595     15.084         70
      1          0               0         93       1417     23.318         80
      1          0               0         78       1338     81.485         90
      1          0               0         68       1371    151.815        100
      1          0               0         92        260      0.105         10
      1          0               0         89        448      0.269         20
      1          0               0         36        324      0.223         30
      1          0               0         46        554      0.711         40
      1          0               0         82        924      2.921         50
      1          0               0         80       1116      6.144         60
      1          0               0         86       1474     11.962         70
      1          0               0         49        916      8.642         80
      1          0               0        105       1873     53.751         90
      1          0               0         42        854     24.130        100
      1          0               0         63        171      0.064         10
      1          0               0         73        252      0.186         20
      1          0               0        104        692      0.717         30
      1          0               0        104       1166      2.003         40
      1          0               0        117       1237      3.645         50
      1          0               0        106       1840     14.249         60
      1          0               0        133       1808     29.732         70
      1          0               0        110       1700     35.855         80
      1          0               0         95       1671     53.677         90
      1          0               0         93       1882     83.028        100
      1          0               0         70        285      0.077         10
      1          0               0         74        438      0.266         20
      1          0               0         45        389      0.225         30
      1          0               0         72       1059      1.629         40
      1          0               0         72       1147      3.023         50
      1          0               0         85       1308      4.954         60
      1          0               0         73       1500      7.676         70
      1          0               0         76       1377     23.927         80
      1          0               0         77       1285     40.499         90
      1          0               0         68       1421     75.263        100
      1          0               0         74        271      0.100         10
      1          0               0         73        610      0.354         20
      1          0               0         85        942      1.121         30
      1          0               0         85        979      2.420         40
      1          0               0         94       1248      6.891         50
      1          0               0         97       1457     12.709         60
      1          0               0         90       1851     24.164         70
      1          0               0         71       1406     62.299         80
      1          0               0         75       2175    118.534         90
      1          0               0         92       2119    212.241        100
      1          0               0         70        249      0.074         10
      1          0               0         67        387      0.177         20
      1          0               0        116        923      0.648         30
      1          0               0        108       1190      1.810         40
      1          0               0         98        946      5.182         50
      1          0               0         29        397      1.686         60
      1          0               0         56        580      9.003         70
      1          0               0        101       1386     64.708         80
      1          0               0         74       1252     60.420         90
      1          0               0         66       1104    141.053        100
      1          0               0         61        307      0.072         10
      1          0               0         75        448      0.267         20
      1          0               0         68        547      0.557         30
      1          0               0         78        714      1.143         40
      1          0               0         52        569      1.456         50
      1          0               0         72        889      3.643         60
      1          0               0         60        754      7.076         70
      1          0               0         73        890     27.323         80
      1          0               0        105       1250     66.833         90
      1          0               0         90       1246     78.970        100
      1          0               0         56        247      0.076         10
      1          0               0         60        387      0.218         20
      1          0               0         73        499      0.527         30
      1          0               0         75       1106      1.819         40
      1          0               0         83       1638      6.499         50
      1          0               0         96       2095     18.363         60
      1          0               0         91       2089     33.217         70
      1          0               0        120       2624     74.836         80
      1          0               0         97       3102     90.331         90
      1          0               0        101       2882    165.308        100
      1          0               0         31        100      0.031         10
      1          0               0         74        318      0.199         20
      1          0               0         68        669      0.403         30
      1          0               0         70        771      1.052         40
      1          0               0         75        962      4.079         50
      1          0               0         79       1269     10.495         60
      1          0               0         87       1848     25.469         70
      1          0               0         90       2341     48.537         80
      1          0               0         93       2244    128.648         90
      1          0               0         94       2292    157.244        100
      1          0               0         59        183      0.061         10
      1          0               0         67        327      0.201         20
      1          0               0         69        583      0.458         30
      1          0               0         77        804      1.353         40
      1          0               0         79        819      2.507         50
      1          0               0         77       1145      5.824         60
      1          0               0         78       1207      8.571         70
      1          0               0         94       2150     30.112         80
      1          0               0         83       1826     61.469         90
      1          0               0         88       2148    104.290        100
      1          0               0         90        364      0.149         10
      1          0               0         88        824      0.307         20
      1          0               0         84       1021      0.754         30
      1          0               0         80       1092      1.369         40
      1          0               0         94       1475      4.173         50
      1          0               0        102       2035      7.156         60
      1          0               0         75       1621     15.119         70
      1          0               0         91       2295     41.706         80
      1          0               0        129       3436     85.670         90
      1          0               0         80       2098     85.141        100
      1          0               0         28        100      0.031         10
      1          0               0         65        261      0.165         20
      1          0               0         33        296      0.169         30
      1          0               0         76        780      1.094         40
      1          0               0         71        700      2.439         50
      1          0               0        107       1256     10.144         60
      1          0               0         57        859     11.993         70
      1          0               0         48        797     13.191         80
      1          0               0         69       1125     33.030         90
      1          0               0         56        803     51.613        100
      1          0               0         69        286      0.078         10
      1          0               0         99        784      0.337         20
      1          0               0        113       1154      1.131         30
      1          0               0        113       1136      2.920         40
      1          0               0        113       1444      9.429         50
      1          0               0         96       1342     11.981         60
      1          0               0        113       1842     42.069         70
      1          0               0        114       2480     67.816         80
      1          0               0        105       2227     88.540         90
      1          0               0        110       2505    137.972        100
      1          0               0         67        263      0.067         10
      1          0               0         38        272      0.100         20
      1          0               0         49        545      0.286         30
      1          0               0         39        501      0.459         40
      1          0               0         38        393      1.623         50
      1          0               0         71       1211      9.223         60
      1          0               0         82       1368     16.378         70
      1          0               0         41        659     12.340         80
      1          0               0         96       1977     56.146         90
      1          0               0         75       1498     68.196        100
      1          0               0         22         79      0.020         10
      1          0               0         78        483      0.249         20
      1          0               0         62        505      0.496         30
      1          0               0         76        516      1.250         40
      1          0               0         36        452      1.557         50
      1          0               0         72        869      7.438         60
      1          0               0         75       1052     12.391         70
      1          0               0         63       1035     18.084         80
      1          0               0         61       1044     35.894         90
      1          0               0         69       1133     90.566        100
      1          0               0         69        343      0.075         10
      1          0               0         47        330      0.158         20
      1          0               0         63        470      0.372         30
      1          0               0         52        625      0.536         40
      1          0               0         75        982      2.145         50
      1          0               0         96       1448      5.614         60
      1          0               0         62        848      3.816         70
      1          0               0         83       1448     39.523         80
      1          0               0         76       1496     54.757         90
      1          0               0         90       2550    126.145        100
      1          0               0         62        241      0.099         10
      1          0               0         98        398      0.274         20
      1          0               0         76        810      0.680         30
      1          0               0         78       1026      1.283         40
      1          0               0         81        931      2.403         50
      1          0               0         89       1357      6.426         60
      1          0               0        101       1687     12.932         70
      1          0               0         83       1661     24.843         80
      1          0               0         95       2236     59.196         90
      1          0               0         76       1819     76.559        100
      1          0               0         89        277      0.104         10
      1          0               0        132        593      0.476         20
      1          0               0         68        527      0.455         30
      1          0               0         69        591      1.174         40
      1          0               0         91       1050      5.387         50
      1          0               0         65        799      7.182         60
      1          0               0         48        609      7.811         70
      1          0               0         69       1075     27.114         80
      1          0               0         72       1082     32.816         90
      1          0               0         98       1962    118.115        100
      1          0               0         29        126      0.036         10
      1          0               0         76        509      0.353         20
      1          0               0         73        561      0.583         30
      1          0               0         32        309      0.428         40
      1          0               0         83        573      2.942         50
      1          0               0         88       1323      7.746         60
      1          0               0         74       1374     17.146         70
      1          0               0        109       1906     68.445         80
      1          0               0         83       1594    125.724         90
      1          0               0         92       1794    227.443        100
      1          0               0         81        320      0.094         10
      1          0               0         62        333      0.231         20
      1          0               0         83        699      0.930         30
      1          0               0         78        988      2.038         40
      1          0               0         75       1133      3.424         50
      1          0               0         95       1347      7.210         60
      1          0               0        105       1387     20.018         70
      1          0               0        121       2246     78.861         80
      1          0               0         83       1657     89.753         90
      1          0               0         84       1571    116.568        100
      1          0               0         72        197      0.086         10
      1          0               0        118        472      0.389         20
      1          0               0        106        682      0.724         30
      1          0               0         66        473      0.784         40
      1          0               0        123       1400      3.886         50
      1          0               0         81       1018      4.915         60
      1          0               0        122       1485     18.785         70
      1          0               0         87       1188     27.346         80
      1          0               0         49        826     19.621         90
      1          0               0         68       1104     39.523        100
      1          0               0         72        152      0.078         10
      1          0               0         32        206      0.081         20
      1          0               0         66        605      0.866         30
      1          0               0         65        943      1.832         40
      1          0               0         77       1028      5.203         50
      1          0               0         81       1138     11.006         60
      1          0               0         86       1195     42.958         70
      1          0               0         68       1357     54.355         80
      1          0               0         54       1021     66.758         90
      1          0               0         83       1788    166.892        100
      1          0               0         77        213      0.094         10
      1          0               0         65        419      0.226         20
      1          0               0         80        596      0.708         30
      1          0               0         66        605      1.177         40
      1          0               0         42        526      1.350         50
      1          0               0         51        755      3.737         60
      1          0               0         51        830      6.152         70
      1          0               0         85       1209     44.167         80
      1          0               0        106       1767    171.224         90
      1          0               0         65       1274    140.313        100
      1          0               0         64        208      0.086         10
      1          0               0         96        557      0.398         20
      1          0               0        102        567      0.811         30
      1          0               0         80        772      1.180         40
      1          0               0         86       1044      4.054         50
      1          0               0         75       1092      5.718         60
      1          0               0         76       1282     29.966         70
      1          0               0         91       1632     79.070         80
      1          0               0         79       1388     96.262         90
      1          0               0         79       1385    136.106        100
      1          0               0         50        152      0.054         10
      1          0               0         39        223      0.120         20
      1          0               0         58        363      0.345         30
      1          0               0         82        834      1.208         40
      1          0               0         75        955      2.101         50
      1          0               0         83       1161      7.240         60
      1          0               0        103       1816     18.912         70
      1          0               0        106       2060     42.360         80
      1          0               0        107       2099     61.488         90
      1          0               0        125       2040    137.518        100
      1          0               0        101        495      0.106         10
      1          0               0         85        610      0.295         20
      1          0               0         57        531      0.390         30
      1          0               0         57        475      0.651         40
      1          0               0         85        934      3.633         50
      1          0               0         82       1392      7.303         60
      1          0               0        114       2397     25.245         70
      1          0               0         93       1913     45.945         80
      1          0               0        103       2305     85.475         90
      1          0               0        111       2237    137.922        100
      1          0               0         68        306      0.102         10
      1          0               0         73        626      0.364         20
      1          0               0         71        690      0.624         30
      1          0               0         85       1161      1.742         40
      1          0               0         84       1418      4.765         50
      1          0               0         76       1608     10.486         60
      1          0               0         86       1557     23.876         70
      1          0               0         83       1981     46.480         80
      1          0               0        122       3201    206.199         90
      1          0               0         82       1675    213.580        100
      1          0               0         84        455      0.097         10
      1          0               0         87        696      0.336         20
      1          0               0        102       1261      1.493         30
      1          0               0         93       1319      4.756         40
      1          0               0         93       1895     12.059         50
      1          0               0         85       1995     20.124         60
      1          0               0         84       2079     32.988         70
      1          0               0         78       2070     83.254         80
      1          0               0         95       2785    156.774         90
      1          0               0         86       2689    193.599        100
      1          0               0         28        104      0.034         10
      1          0               0         74        480      0.348         20
      1          0               0         73        628      0.716         30
      1          0               0         71        883      2.717         40
      1          0               0         75        886      5.484         50
      1          0               0         72        985      8.867         60
      1          0               0         76       1154     21.580         70
      1          0               0         99       2193     47.315         80
      1          0               0         89       1762     67.076         90
      1          0               0         82       1779     95.013        100
      1          0               0         56        181      0.062         10
      1          0               0         63        452      0.207         20
      1          0               0         50        412      0.326         30
      1          0               0         51        516      0.825         40
      1          0               0         53        632      1.400         50
      1          0               0         59        805      2.989         60
      1          0               0         66       1204      7.158         70
      1          0               0         66       1370     22.703         80
      1          0               0         61       1123     39.376         90
      1          0               0         73       2212     58.796        100
      1          0               0         91        339      0.118         10
      1          0               0        103        537      0.372         20
      1          0               0        111        684      1.312         30
      1          0               0        105        782      5.343         40
      1          0               0        100        986     10.222         50
      1          0               0         89       1511     15.255         60
      1          0               0        109       1748     34.490         70
      1          0               0         70       1395     28.479         80
      1          0               0         80       1483     68.421         90
      1          0               0         91       1848    118.719        100
      1          0               0         73        445      0.100         10
      1          0               0        103        632      0.520         20
      1          0               0         68        371      0.519         30
      1          0               0        101       1025      2.467         40
      1          0               0        102       1598      6.301         50
      1          0               0         79       1102      8.885         60
      1          0               0         78       1164     18.810         70
      1          0               0         63       1222     32.677         80
      1          0               0         82       1189     59.516         90
      1          0               0         93       1763    111.461        100
      1          0               0         34         97      0.036         10
      1          0               0         30        219      0.085         20
      1          0               0         87        717      0.626         30
      1          0               0         63        704      0.968         40
      1          0               0        128       1400      3.476         50
      1          0               0         90       1577      8.983         60
      1          0               0        103       1832     36.584         70
      1          0               0         62       1117     34.885         80
      1          0               0        105       1895    102.718         90
      1          0               0        106       1802    118.079        100
      1          0               0         78        246      0.085         10
      1          0               0         34        267      0.101         20
      1          0               0         35        298      0.249         30
