success  collision  collision_obst   makespan   flowtime    runtime     number
      1          0               0         73        214      0.044          5
      1          0               0         62        176      0.036          5
      1          0               0          8         26      0.004          5
      1          0               0         42         96      0.025          5
      1          0               0         51        141      0.027          5
      1          0               0         60         98      0.032          5
      1          0               0         62        167      0.034          5
      1          0               0         92        179      0.051          5
      1          0               0         50        127      0.026          5
      1          0               0         35        131      0.020          5
      1          0               0         54        144      0.031          5
      1          0               0         50        135      0.028          5
      1          0               0         64        147      0.034          5
      1          0               0         33         74      0.017          5
      1          0               0         77        146      0.042          5
      1          0               0         42        123      0.024          5
      1          0               0         10         34      0.005          5
      1          0               0         64        129      0.033          5
      1          0               0         53        102      0.029          5
      1          0               0         56        114      0.032          5
      1          0               0         57        146      0.030          5
      1          0               0         17         53      0.009          5
      1          0               0         60        124      0.033          5
      1          0               0         87        234      0.049          5
      1          0               0         55        135      0.030          5
      1          0               0         37         97      0.021          5
      1          0               0         21         69      0.011          5
      1          0               0         57        129      0.033          5
      1          0               0         72        119      0.040          5
      1          0               0         59        122      0.035          5
      1          0               0         71        164      0.041          5
      1          0               0         21         77      0.022          5
      1          0               0         61        121      0.035          5
      1          0               0         44        127      0.024          5
      1          0               0         26         62      0.014          5
      1          0               0         57        177      0.035          5
      1          0               0         25         56      0.013          5
      1          0               0         89        161      0.049          5
      1          0               0         45        118      0.024          5
      1          0               0         53         87      0.028          5
      1          0               0         57        188      0.032          5
      1          0               0         61        138      0.035          5
      1          0               0         80        184      0.047          5
      1          0               0         39         79      0.020          5
      1          0               0         47        106      0.025          5
      1          0               0         66        162      0.038          5
      1          0               0         71        140      0.040          5
      1          0               0         79        159      0.044          5
      1          0               0         23         77      0.012          5
      1          0               0         87        192      0.046          5
      1          0               0         63        197      0.043          6
      1          0               0         44        105      0.029          6
      1          0               0         82        176      0.051          6
      1          0               0         68        142      0.046          6
      1          0               0         66        184      0.043          6
      1          0               0         71        252      0.044          6
      1          0               0         61        203      0.040          6
      1          0               0         89        220      0.058          6
      1          0               0         54        129      0.034          6
      1          0               0         55        179      0.037          6
      1          0               0         83        240      0.059          6
      1          0               0         52        157      0.039          6
      1          0               0         72        170      0.046          6
      1          0               0         38         94      0.024          6
      1          0               0         82        194      0.055          6
      1          0               0         66        165      0.042          6
      1          0               0         10         42      0.007          6
      1          0               0         36        115      0.022          6
      1          0               0         47        111      0.030          6
      1          0               0         61        142      0.044          6
      1          0               0         63        168      0.041          6
      1          0               0         41        114      0.026          6
      1          0               0         70        129      0.044          6
      1          0               0         48        127      0.030          6
      1          0               0         65        193      0.044          6
      1          0               0         45        116      0.029          6
      1          0               0         62        168      0.038          6
      1          0               0         61        221      0.042          6
      1          0               0         85        191      0.055          6
      1          0               0         58        144      0.040          6
      1          0               0         79        175      0.052          6
      1          0               0         21         82      0.013          6
      1          0               0         60        134      0.039          6
      1          0               0         45        132      0.029          6
      1          0               0         10         47      0.006          6
      1          0               0         96        224      0.065          6
      1          0               0         44        102      0.028          6
      1          0               0         93        175      0.060          6
      1          0               0         69        172      0.044          6
      1          0               0         61        116      0.038          6
      1          0               0         74        313      0.053          6
      1          0               0         69        175      0.045          6
      1          0               0         67        187      0.046          6
      1          0               0         39        111      0.024          6
      1          0               0         59        139      0.037          6
      1          0               0         73        229      0.056          6
      1          0               0         92        224      0.064          6
      1          0               0         90        210      0.057          6
      1          0               0         87        173      0.055          6
      1          0               0         86        209      0.053          6
      1          0               0         45        202      0.037          7
      1          0               0         46        144      0.035          7
      1          0               0         31         71      0.022          7
      1          0               0         68        154      0.052          7
      1          0               0         66        225      0.051          7
      1          0               0         77        227      0.053          7
      1          0               0         74        237      0.054          7
      1          0               0         92        175      0.071          7
      1          0               0         62        176      0.045          7
      1          0               0         58        177      0.043          7
      1          0               0         86        268      0.066          7
      1          0               0         64        224      0.051          7
      1          0               0         70        180      0.060          7
      1          0               0         53        139      0.041          7
      1          0               0         89        227      0.067          7
      1          0               0         60        175      0.045          7
      1          0               0         13         55      0.009          7
      1          0               0         71        192      0.052          7
      1          0               0         81        286      0.059          7
      1          0               0         57        198      0.044          7
      1          0               0         63        172      0.045          7
      1          0               0         60        165      0.043          7
      1          0               0        117        234      0.084          7
      1          0               0         48        143      0.036          7
      1          0               0         99        340      0.081          7
      1          0               0         44        124      0.034          7
      1          0               0         54        133      0.039          7
      1          0               0         56        243      0.048          7
      1          0               0        104        247      0.078          7
      1          0               0         25        107      0.018          7
      1          0               0         79        253      0.061          7
      1          0               0         21        104      0.016          7
      1          0               0         36         83      0.026          7
      1          0               0         65        161      0.048          7
      1          0               0          9         54      0.006          7
      1          0               0         86        167      0.068          7
      1          0               0         27         93      0.020          7
      1          0               0        126        210      0.106          7
      1          0               0         84        233      0.083          7
      1          0               0         89        335      0.065          7
      1          0               0         74        310      0.057          7
      1          0               0         77        208      0.059          7
      1          0               0         95        259      0.077          7
      1          0               0         55        165      0.042          7
      1          0               0         73        262      0.055          7
      1          0               0         79        225      0.063          7
      1          0               0         94        365      0.084          7
      1          0               0         88        164      0.068          7
      1          0               0         62        146      0.046          7
      1          0               0         89        314      0.070          7
      1          0               0         46        219      0.044          8
      1          0               0         57        201      0.047          8
      1          0               0         19         69      0.015          8
      1          0               0         75        170      0.066          8
      1          0               0        104        393      0.096          8
      1          0               0         25         94      0.020          8
      1          0               0         55        144      0.044          8
      1          0               0         59        271      0.056          8
      1          0               0         95        223      0.078          8
      1          0               0         61        264      0.055          8
      1          0               0         77        269      0.072          8
      1          0               0         80        291      0.075          8
      1          0               0         70        152      0.056          8
      1          0               0         75        204      0.066          8
      1          0               0         91        233      0.079          8
      1          0               0        108        232      0.092          8
      1          0               0         83        162      0.067          8
      1          0               0         73        248      0.059          8
      1          0               0         75        253      0.062          8
      1          0               0         28        129      0.025          8
      1          0               0         30         99      0.023          8
      1          0               0         45        148      0.037          8
      1          0               0         61        182      0.047          8
      1          0               0         63        193      0.057          8
      1          0               0         82        253      0.071          8
      1          0               0         88        206      0.074          8
      1          0               0         23         78      0.018          8
      1          0               0         51        192      0.044          8
      1          0               0        111        249      0.091          8
      1          0               0         25        122      0.020          8
      1          0               0        106        298      0.091          8
      1          0               0         45        186      0.038          8
      1          0               0         39         87      0.032          8
      1          0               0         73        148      0.062          8
      1          0               0         92        178      0.074          8
      1          0               0        110        342      0.096          8
      1          0               0         53        154      0.044          8
      1          0               0        111        199      0.095          8
      1          0               0         43        119      0.035          8
      1          0               0         89        388      0.077          8
      1          0               0         74        296      0.081          8
      1          0               0         78        263      0.069          8
      1          0               0         93        308      0.080          8
      1          0               0         63        249      0.053          8
      1          0               0         53        180      0.045          8
      1          0               0         70        129      0.059          8
      1          0               0        102        396      0.121          8
      1          0               0         37        122      0.033          8
      1          0               0         62        183      0.054          8
      1          0               0         90        399      0.080          8
      1          0               0         91        380      0.099          9
      1          0               0         96        265      0.089          9
      1          0               0         36        125      0.032          9
      1          0               0         99        180      0.095          9
      1          0               0        106        307      0.102          9
      1          0               0        100        287      0.093          9
      1          0               0         72        207      0.066          9
      1          0               0         80        245      0.080          9
      1          0               0        103        370      0.100          9
      1          0               0         67        302      0.066          9
      1          0               0         85        330      0.091          9
      1          0               0         88        392      0.100          9
      1          0               0         97        365      0.092          9
      1          0               0         43        147      0.042          9
      1          0               0         96        326      0.095          9
      1          0               0        120        267      0.117          9
      1          0               0         55        142      0.050          9
      1          0               0         49        247      0.049          9
      1          0               0         83        332      0.082          9
      1          0               0         30        101      0.028          9
      1          0               0         92        229      0.083          9
      1          0               0         47        143      0.043          9
      1          0               0         68        242      0.063          9
      1          0               0         50        225      0.057          9
      1          0               0         74        252      0.073          9
      1          0               0         47        148      0.043          9
      1          0               0         73        204      0.066          9
      1          0               0         51        199      0.047          9
      1          0               0         48        135      0.042          9
      1          0               0         30        141      0.027          9
      1          0               0        107        342      0.101          9
      1          0               0         67        238      0.065          9
      1          0               0         87        208      0.081          9
      1          0               0         78        176      0.077          9
      1          0               0         31        103      0.028          9
      1          0               0         86        196      0.091          9
      1          0               0         43        122      0.038          9
      1          0               0        127        431      0.123          9
      1          0               0         67        206      0.066          9
      1          0               0         51        187      0.047          9
      1          0               0         62        231      0.058          9
      1          0               0         76        255      0.077          9
      1          0               0         92        277      0.088          9
      1          0               0         62        265      0.063          9
      1          0               0         63        205      0.060          9
      1          0               0         56        140      0.050          9
      1          0               0        103        344      0.135          9
      1          0               0         85        231      0.083          9
      1          0               0         38        140      0.035          9
      1          0               0         89        423      0.092          9
      1          0               0         83        315      0.095         10
      1          0               0         55        274      0.059         10
      1          0               0         39        155      0.040         10
      1          0               0         51        164      0.053         10
      1          0               0        110        408      0.122         10
      1          0               0         30        108      0.030         10
      1          0               0         91        263      0.095         10
      1          0               0         75        230      0.083         10
      1          0               0        100        358      0.108         10
      1          0               0         87        375      0.096         10
      1          0               0         63        323      0.074         10
      1          0               0         89        450      0.115         10
      1          0               0        100        400      0.116         10
      1          0               0         53        206      0.059         10
      1          0               0        102        380      0.120         10
      1          0               0        121        324      0.134         10
      1          0               0         52        148      0.052         10
      1          0               0         79        279      0.085         10
      1          0               0         56        279      0.060         10
      1          0               0         88        200      0.089         10
      1          0               0         30        129      0.029         10
      1          0               0         86        371      0.098         10
      1          0               0         95        333      0.100         10
      1          0               0         50        237      0.064         10
      1          0               0         84        287      0.101         10
      1          0               0         47        159      0.049         10
      1          0               0         43        156      0.044         10
      1          0               0         56        264      0.060         10
      1          0               0         39        137      0.039         10
      1          0               0         91        249      0.105         10
      1          0               0         86        348      0.090         10
      1          0               0         46        221      0.051         10
      1          0               0         58        138      0.056         10
      1          0               0         60        185      0.063         10
      1          0               0         78        195      0.078         10
      1          0               0         85        248      0.097         10
      1          0               0         53        157      0.052         10
      1          0               0        133        331      0.143         10
      1          0               0        113        279      0.133         10
      1          0               0         72        295      0.073         10
      1          0               0         34        174      0.036         10
      1          0               0         57        195      0.063         10
      1          0               0         94        286      0.102         10
      1          0               0         55        249      0.062         10
      1          0               0         80        253      0.080         10
      1          0               0         67        242      0.069         10
      1          0               0        107        390      0.152         10
      1          0               0         88        386      0.100         10
      1          0               0         76        232      0.078         10
      1          0               0         91        435      0.105         10
