success  collision  collision_obst   makespan   flowtime    runtime     mean_groups     number
      1          0               0         62        205      0.076           9.613         10
      1          0               0        109        475      0.415          14.642         20
      1          0               0        111        806      0.875          21.505         30
      1          0               0         53        574      0.870          24.849         40
      1          0               0         49        584      1.647          25.898         50
      1          0               0         75        929      3.690          29.920         60
      1          0               0         83       1074      5.593          33.518         70
      1          0               0         76       1147      7.815          32.184         80
      1          0               0         43       1073     10.908          28.279         90
      1          0               0         82       1988     31.896          26.402        100
      1          0               0         51        203      0.064           9.196         10
      1          0               0        103        538      0.373          16.204         20
      1          0               0         65        557      0.487          23.523         30
      1          0               0        159       1527      2.076          27.774         40
      1          0               0         66        817      2.207          28.409         50
      1          0               0         84       1155      4.035          31.476         60
      1          0               0         62       1070      6.738          28.661         70
      1          0               0         50       1020      8.870          26.920         80
      1          0               0         47       1052      9.605          30.340         90
      1          0               0         58       1112     15.947          30.931        100
      1          0               0         73        343      0.102           8.205         10
      1          0               0         84        676      0.377          12.500         20
      1          0               0         71        645      0.717          18.775         30
      1          0               0         64        970      1.232          23.062         40
      1          0               0         75       1162      2.139          28.733         50
      1          0               0         89        984      4.080          28.618         60
      1          0               0         92       1600      7.441          28.370         70
      1          0               0         80       1512      9.938          28.750         80
      1          0               0         84       1516     13.187          31.869         90
      1          0               0         86       1035     18.433          33.395        100
      1          0               0         86        360      0.111           8.965         10
      1          0               0        132        882      0.506          14.667         20
      1          0               0         80        740      0.640          21.688         30
      1          0               0         98        635      1.532          27.276         40
      1          0               0         87        608      2.329          32.575         50
      1          0               0         73        697      3.050          34.753         60
      1          0               0         95       1275      5.569          35.368         70
      1          0               0         71        977      6.588          35.775         80
      1          0               0         54        901      9.662          31.944         90
      1          0               0         92       1649     22.507          32.348        100
      1          0               0         79        315      0.116           7.544         10
      1          0               0         89        522      0.326          15.697         20
      1          0               0        103        779      0.797          21.534         30
      1          0               0         87        813      1.011          31.011         40
      1          0               0         87        861      1.839          34.333         50
      1          0               0         67        944      2.210          38.104         60
      1          0               0         75       1306      4.594          38.240         70
      1          0               0         86       1521      7.298          38.767         80
      1          0               0         51       1255      7.475          33.176         90
      1          0               0         53       1098     13.377          29.245        100
      1          0               0         50        170      0.063           9.100         10
      1          0               0         87        402      0.308          16.828         20
      1          0               0         80        745      0.599          23.075         30
      1          0               0         65        644      0.846          28.277         40
      1          0               0         70        905      1.983          29.200         50
      1          0               0        116       1720      5.115          32.198         60
      1          0               0        104       1367      7.121          34.452         70
      1          0               0         59        925      6.839          31.220         80
      1          0               0         60        983     13.098          29.717         90
      1          0               0         51       1007     19.407          26.059        100
      1          0               0        105        484      0.147           8.352         10
      1          0               0         80        630      0.321          15.400         20
      1          0               0        123        992      0.925          22.431         30
      1          0               0        111        945      1.502          26.775         40
      1          0               0         89       1331      2.565          29.303         50
      1          0               0         48        727      2.679          29.188         60
      1          0               0         67       1058      5.669          30.612         70
      1          0               0         57       1200      7.017          31.000         80
      1          0               0         88       1994     14.675          30.602         90
      1          0               0         71       1564     19.454          29.155        100
      1          0               0         79        254      0.099           8.696         10
      1          0               0         70        399      0.244          17.157         20
      1          0               0         78        566      0.639          21.628         30
      1          0               0         71        625      0.987          27.718         40
      1          0               0         73        969      1.833          29.342         50
      1          0               0         99       1357      4.295          29.889         60
      1          0               0         55       1206      4.164          29.091         70
      1          0               0         74       1194     11.620          28.081         80
      1          0               0         65       1262     13.309          30.323         90
      1          0               0         88       1689     25.530          28.523        100
      1          0               0         95        263      0.134           7.758         10
      1          0               0        105        539      0.411          14.610         20
      1          0               0         64        663      0.596          19.078         30
      1          0               0         67        943      1.368          23.149         40
      1          0               0         56        871      1.671          25.250         50
      1          0               0         84       1470      5.583          25.393         60
      1          0               0         94       1314      8.951          26.000         70
      1          0               0         90       1613     12.211          27.378         80
      1          0               0         50       1264     12.683          26.240         90
      1          0               0         46       1135     18.845          26.435        100
      1          0               0         60        249      0.077           9.117         10
      1          0               0         64        579      0.242          15.953         20
      1          0               0         63        655      0.648          20.762         30
      1          0               0         88        782      1.513          24.955         40
      1          0               0         42        608      1.485          25.619         50
      1          0               0         43        761      2.334          26.698         60
      1          0               0         99       1209      7.375          28.939         70
      1          0               0         76       1365      8.681          30.592         80
      1          0               0         80       1466     17.394          27.413         90
      1          0               0         63       1009     24.706          21.667        100
      1          0               0         48        223      0.062           8.688         10
      1          0               0         75        508      0.305          13.493         20
      1          0               0         60        667      0.566          17.600         30
      1          0               0        116       1014      1.847          23.966         40
      1          0               0        133       2074      4.444          24.256         50
      1          0               0         73       1197      3.377          27.110         60
      1          0               0         59       1185      4.234          28.000         70
      1          0               0         80       1407      8.953          28.562         80
      1          0               0         48       1271      8.431          27.771         90
      1          0               0         63       1427     18.128          26.778        100
      1          0               0         67        323      0.099           8.149         10
      1          0               0         41        374      0.182          14.268         20
      1          0               0         59        346      0.502          22.356         30
      1          0               0        129        885      1.773          28.093         40
      1          0               0        107       1118      2.783          28.869         50
      1          0               0         55        732      2.118          31.018         60
      1          0               0         85       1252      4.581          35.482         70
      1          0               0         91       1635      8.233          34.242         80
      1          0               0         99       2307     14.615          31.566         90
      1          0               0         73       1756     16.242          30.438        100
      1          0               0        108        472      0.137           9.556         10
      1          0               0         52        517      0.216          15.904         20
      1          0               0        104       1242      1.036          20.673         30
      1          0               0         85       1276      1.438          26.706         40
      1          0               0         92       1443      2.559          29.163         50
      1          0               0         79       1376      4.071          30.013         60
      1          0               0         70       1449      6.319          28.614         70
      1          0               0         81       1928      9.777          30.556         80
      1          0               0         75       1314     12.085          33.493         90
      1          0               0         55       1264     12.468          32.291        100
      1          0               0        107        457      0.140           8.822         10
      1          0               0         54        263      0.220          15.593         20
      1          0               0         50        479      0.417          22.440         30
      1          0               0         45        584      0.876          27.089         40
      1          0               0        108       1134      2.900          31.148         50
      1          0               0        107       1360      4.440          33.084         60
      1          0               0         39        960      3.226          30.538         70
      1          0               0         68       1554      7.685          32.956         80
      1          0               0         56       1310      9.020          34.607         90
      1          0               0         50       1450     13.808          33.300        100
      1          0               0         66        248      0.082           9.364         10
      1          0               0        101        635      0.407          14.446         20
      1          0               0        104        942      0.858          20.260         30
      1          0               0         68        610      1.099          25.118         40
      1          0               0         82       1146      2.365          28.537         50
      1          0               0         69       1069      3.497          28.580         60
      1          0               0         48       1146      4.499          29.146         70
      1          0               0         91       1777      9.730          31.154         80
      1          0               0         69       1898     10.673          34.058         90
      1          0               0         90       2010     19.583          31.567        100
      1          0               0         90        362      0.110           9.311         10
      1          0               0         55        442      0.210          16.000         20
      1          0               0        101       1059      0.729          23.307         30
      1          0               0         87        996      1.245          27.908         40
      1          0               0         94       1245      2.189          32.415         50
      1          0               0        103       1369      3.886          32.689         60
      1          0               0         95       1627      5.437          34.432         70
      1          0               0         85       1923      7.710          33.141         80
      1          0               0         77       1572     10.709          32.779         90
      1          0               0         67       1762     18.091          32.463        100
      1          0               0         72        207      0.091           9.417         10
      1          0               0         95        746      0.377          15.484         20
      1          0               0         93        510      0.770          20.280         30
      1          0               0         48        463      0.739          23.479         40
      1          0               0         95        962      2.807          24.989         50
      1          0               0         81       1207      3.842          25.802         60
      1          0               0         90       1170      6.288          27.256         70
      1          0               0        103       1430     10.718          29.699         80
      1          0               0         81       1257     12.850          27.580         90
      1          0               0         69        844     15.104          28.638        100
      1          0               0         31        136      0.043           8.387         10
      1          0               0        141        510      0.615          14.716         20
      1          0               0        114        735      1.033          20.140         30
      1          0               0         87       1018      1.657          22.402         40
      1          0               0        109       1006      3.445          24.560         50
      1          0               0        134       1462      7.617          26.187         60
      1          0               0        108       1103      9.195          26.963         70
      1          0               0         79       1282     12.676          26.089         80
      1          0               0        104       1412     21.374          27.298         90
      1          0               0         98       1467     28.054          27.235        100
      1          0               0        112        418      0.145           9.152         10
      1          0               0         84        761      0.289          17.726         20
      1          0               0        116        696      0.969          21.897         30
      1          0               0        102       1126      1.685          26.363         40
      1          0               0         69        892      2.118          26.884         50
      1          0               0         97       1460      4.900          26.990         60
      1          0               0         92       1473      7.523          27.380         70
      1          0               0         95       2018     10.565          30.863         80
      1          0               0         74       1642     11.941          31.108         90
      1          0               0         49       1439     15.136          26.816        100
      1          0               0         70        243      0.132           7.771         10
      1          0               0         81        496      0.298          15.864         20
      1          0               0        122        825      1.006          20.598         30
      1          0               0         67        795      1.197          25.224         40
      1          0               0         80       1116      2.472          27.950         50
      1          0               0         74       1042      4.113          27.797         60
      1          0               0         93       1086      7.691          27.914         70
      1          0               0         90       1104     11.303          26.400         80
      1          0               0         76       1147     14.338          28.605         90
      1          0               0         39       1099     13.594          25.051        100
      1          0               0         97        230      0.126           8.577         10
      1          0               0         46        270      0.158          17.565         20
      1          0               0         71        641      0.638          21.944         30
      1          0               0         98        706      1.439          26.082         40
      1          0               0         61        955      1.613          27.230         50
      1          0               0         81       1111      3.240          31.716         60
      1          0               0         99       1209      5.967          32.657         70
      1          0               0         71        871      6.912          31.493         80
      1          0               0         90       1144     12.280          35.444         90
      1          0               0         98       1669     21.353          34.224        100
      1          0               0         67        296      0.096           7.493         10
      1          0               0         72        389      0.277          15.403         20
      1          0               0        107        597      0.927          20.841         30
      1          0               0         68        616      0.955          27.779         40
      1          0               0         79        980      2.049          28.532         50
      1          0               0         81       1142      3.580          30.444         60
      1          0               0        102       1308      8.172          30.039         70
      1          0               0         61       1408      8.086          30.803         80
      1          0               0         52       1110     10.041          30.327         90
      1          0               0         49       1040     13.232          30.122        100
      1          0               0         75        209      0.096           9.360         10
      1          0               0         93        672      0.359          15.957         20
      1          0               0         67        683      0.601          19.448         30
      1          0               0        110       1385      1.679          26.227         40
      1          0               0         53        951      1.563          27.887         50
      1          0               0         80       1354      3.914          30.613         60
      1          0               0         39       1124      3.837          29.026         70
      1          0               0        105       2057     20.926          29.771         80
      1          0               0         47       1546     16.584          25.617         90
      1          0               0         68       1639     33.631          25.574        100
      1          0               0         73        328      0.101           8.644         10
      1          0               0         89        602      0.340          15.101         20
      1          0               0        103        775      0.812          20.437         30
      1          0               0         57        668      0.871          24.105         40
      1          0               0         92       1194      2.455          26.848         50
      1          0               0         97       1462      4.271          27.897         60
      1          0               0         58        867      3.981          28.017         70
      1          0               0         87       1612      8.994          26.770         80
      1          0               0         58       1217      9.178          27.259         90
      1          0               0         74       1378     14.927          27.216        100
      1          0               0         81        365      0.107           8.457         10
      1          0               0        150        919      0.486          18.040         20
      1          0               0         76        696      0.901          18.145         30
      1          0               0        111       1130      2.207          23.685         40
      1          0               0         49        664      1.827          25.224         50
      1          0               0         60        883      3.518          28.967         60
      1          0               0         70        940      6.342          27.986         70
      1          0               0         43        944      6.882          27.581         80
      1          0               0         65       1152     13.137          28.200         90
      1          0               0         86       1675     46.012          23.860        100
      1          0               0         79        325      0.097           9.278         10
      1          0               0        100        431      0.317          18.000         20
      1          0               0         64        523      0.427          24.281         30
      1          0               0        123       1038      1.499          29.179         40
      1          0               0        120       1323      2.691          30.892         50
      1          0               0         89        882      3.234          31.607         60
      1          0               0         95       1256      5.759          32.158         70
      1          0               0         56       1099      5.900          30.857         80
      1          0               0         85       1602     12.181          30.965         90
      1          0               0         75       1760     19.266          26.627        100
      1          0               0         73        182      0.087           9.548         10
      1          0               0         51        316      0.195          14.510         20
      1          0               0        137        787      1.090          20.263         30
      1          0               0         97        724      1.638          23.763         40
      1          0               0         73        878      2.078          25.411         50
      1          0               0        117       1104      5.801          26.701         60
      1          0               0        100       1572      7.319          29.360         70
      1          0               0        104       1756      9.748          31.135         80
      1          0               0         91       1809     13.014          28.275         90
      1          0               0         84       1807     16.183          28.405        100
      1          0               0         91        377      0.118           9.154         10
      1          0               0         66        595      0.244          16.106         20
      1          0               0         92        690      0.638          24.141         30
      1          0               0        143        808      1.759          29.916         40
      1          0               0        115       1229      2.514          32.670         50
      1          0               0        109       1476      3.833          35.514         60
      1          0               0         73       1296      4.723          33.384         70
      1          0               0         69       1571      8.199          30.696         80
      1          0               0         63       1577     12.147          28.508         90
      1          0               0         73       1611     22.356          26.164        100
      1          0               0        103        323      0.122           9.534         10
      1          0               0        121        662      0.431          15.736         20
      1          0               0        126        875      1.142          17.063         30
      1          0               0         98       1086      1.638          21.694         40
      1          0               0         81        994      2.833          23.407         50
      1          0               0         95       1143      4.908          26.063         60
      1          0               0         97       1382      8.225          23.536         70
      1          0               0         87       1557     11.096          23.885         80
      1          0               0         73       1549     16.143          26.247         90
      1          0               0         71       1588     24.885          23.676        100
      1          0               0         83        373      0.105           8.627         10
      1          0               0         62        592      0.230          15.935         20
      1          0               0        117        939      0.869          21.735         30
      1          0               0         59        719      0.903          25.407         40
      1          0               0         92        973      2.175          29.174         50
      1          0               0         87        885      3.225          31.954         60
      1          0               0        144       1606      8.986          32.882         70
      1          0               0         75        983      6.814          31.760         80
      1          0               0         58        925      7.844          32.241         90
      1          0               0         51        856     10.032          31.294        100
      1          0               0         58        246      0.085           7.759         10
      1          0               0         55        463      0.248          14.564         20
      1          0               0         62        646      0.588          18.855         30
      1          0               0         54       1089      1.141          22.907         40
      1          0               0         54        936      1.619          27.500         50
      1          0               0         67       1472      3.421          28.537         60
      1          0               0         60       1442      4.563          29.167         70
      1          0               0         50       1454      6.173          31.060         80
      1          0               0         83       1669     14.736          30.494         90
      1          0               0         60       1867     15.615          29.683        100
      1          0               0         96        391      0.139           7.844         10
      1          0               0        100        654      0.355          16.550         20
      1          0               0         95        996      0.707          23.189         30
      1          0               0         58        714      1.034          23.672         40
      1          0               0         91        946      2.803          26.264         50
      1          0               0         85       1309      4.946          27.118         60
      1          0               0         86       1122      8.902          28.965         70
      1          0               0         71       1245      9.354          28.972         80
      1          0               0         84       1426     18.035          27.512         90
      1          0               0         52       1372     16.310          27.865        100
      1          0               0         43        234      0.065           7.140         10
      1          0               0         71        410      0.347          13.873         20
      1          0               0         67        567      0.538          21.776         30
      1          0               0         56        482      0.980          23.161         40
      1          0               0         96        859      2.379          27.188         50
      1          0               0        105       1610      4.761          28.200         60
      1          0               0         97       1660      6.994          27.660         70
      1          0               0        100       2017     12.320          25.380         80
      1          0               0         72       1338     17.430          23.236         90
      1          0               0         76       1471     25.949          21.092        100
      1          0               0        123        358      0.155           9.228         10
      1          0               0         94        611      0.353          16.191         20
      1          0               0         73        794      0.622          20.082         30
      1          0               0         86       1058      1.264          25.581         40
      1          0               0         72       1069      1.851          29.931         50
      1          0               0         91       1507      3.293          34.989         60
      1          0               0         67       1343      3.904          36.940         70
      1          0               0         64       1663      5.600          37.703         80
      1          0               0         77       1983     12.754          37.208         90
      1          0               0         58       1760     13.180          36.586        100
      1          0               0         71        264      0.095           8.211         10
      1          0               0        113        877      0.463          14.460         20
      1          0               0         68        683      0.526          22.059         30
      1          0               0        126       1086      1.588          29.595         40
      1          0               0         69        835      1.725          29.000         50
      1          0               0         65        817      2.588          30.969         60
      1          0               0         87       1231      5.374          34.356         70
      1          0               0         70       1218      7.175          33.571         80
      1          0               0         63       1066      9.095          34.429         90
      1          0               0         61       1269     11.951          32.115        100
      1          0               0         85        279      0.112           8.435         10
      1          0               0         88        649      0.316          16.534         20
      1          0               0         92        916      0.754          21.272         30
      1          0               0        107       1183      1.452          28.112         40
      1          0               0        113       1554      2.583          30.814         50
      1          0               0         72        937      2.892          32.625         60
      1          0               0         51        905      3.058          34.137         70
      1          0               0        136       1278     15.256          32.404         80
      1          0               0         76       1306     12.789          29.684         90
      1          0               0         65       1071     17.298          28.308        100
      1          0               0         61        192      0.073           9.213         10
      1          0               0         72        466      0.244          16.931         20
      1          0               0         58        646      0.613          18.379         30
      1          0               0         72        785      1.262          24.792         40
      1          0               0        101       1293      2.959          27.406         50
      1          0               0         55       1225      2.962          29.345         60
      1          0               0         64       1310      5.293          28.500         70
      1          0               0         80       1813     12.549          28.400         80
      1          0               0         83       1788     19.554          25.518         90
      1          0               0         54       1570     19.493          25.352        100
      1          0               0         78        389      0.106           8.679         10
      1          0               0         84        698      0.331          15.929         20
      1          0               0         59        686      0.468          21.492         30
      1          0               0         78       1004      1.174          26.000         40
      1          0               0         92       1314      2.527          27.696         50
      1          0               0         73       1286      3.770          29.041         60
      1          0               0         98       1670      9.621          25.316         70
      1          0               0         67       1179      9.907          27.388         80
      1          0               0         65       1261     13.797          29.785         90
      1          0               0         84       1711     25.954          25.488        100
      1          0               0         98        301      0.117           9.316         10
      1          0               0        118        604      0.394          16.941         20
      1          0               0        139       1069      0.964          22.683         30
      1          0               0         82        881      1.096          27.573         40
      1          0               0         96       1026      2.027          33.177         50
      1          0               0         79        968      2.943          36.063         60
      1          0               0        112       1117      7.996          31.446         70
      1          0               0         39        910      4.204          32.308         80
      1          0               0         61       1357     11.490          27.705         90
      1          0               0         64       1387     18.645          26.125        100
      1          0               0         85        334      0.100           9.329         10
      1          0               0         70        420      0.231          17.343         20
      1          0               0         56        582      0.413          22.929         30
      1          0               0         68        691      0.967          26.118         40
      1          0               0         66        770      2.194          25.288         50
      1          0               0         70       1052      3.859          27.400         60
      1          0               0         45        956      3.779          27.356         70
      1          0               0         74       1200      7.987          29.554         80
      1          0               0         85       1471     15.430          28.459         90
      1          0               0         93       2096     23.725          22.247        100
      1          0               0         61        162      0.090           8.131         10
      1          0               0        143        527      0.538          15.322         20
      1          0               0        124        536      0.864          21.702         30
      1          0               0        106        750      1.321          27.651         40
      1          0               0         66        756      1.416          32.833         50
      1          0               0         79       1090      2.503          36.367         60
      1          0               0         50        666      2.636          35.840         70
      1          0               0         49        814      3.960          37.510         80
      1          0               0        104       1547     12.140          34.750         90
      1          0               0         84       1479     16.547          34.036        100
      1          0               0         80        323      0.097           9.050         10
      1          0               0         73        469      0.254          15.918         20
      1          0               0         78        640      0.609          19.821         30
      1          0               0         74        955      1.002          24.541         40
      1          0               0         80       1659      1.962          29.450         50
      1          0               0         84       1384      2.858          33.024         60
      1          0               0        110       1995      6.178          33.173         70
      1          0               0         69       1385      7.647          32.232         80
      1          0               0         67       1602     12.638          29.075         90
      1          0               0         58       1738     16.471          27.793        100
      1          0               0         76        232      0.092           9.355         10
      1          0               0         70        444      0.229          18.129         20
      1          0               0        106        697      0.658          25.915         30
      1          0               0        111        969      1.577          27.631         40
      1          0               0         88        918      1.935          32.136         50
      1          0               0        103       1451      3.879          35.728         60
      1          0               0         52        780      2.592          39.192         70
      1          0               0        109       1268      8.354          38.404         80
      1          0               0         79        907      8.833          39.430         90
      1          0               0         65       1363     12.071          33.431        100
      1          0               0         95        335      0.121           8.516         10
      1          0               0         66        602      0.254          14.970         20
      1          0               0        105        906      0.970          18.095         30
      1          0               0        150       1347      2.419          22.960         40
      1          0               0        133       1422      3.711          25.632         50
      1          0               0         80        897      3.806          26.262         60
      1          0               0         67       1253      4.710          29.701         70
      1          0               0        136       2425     11.419          32.434         80
      1          0               0         88       1578     11.831          31.409         90
      1          0               0         65       1230     14.475          28.292        100
      1          0               0         24        111      0.032           8.333         10
      1          0               0         52        347      0.238          15.673         20
      1          0               0         51        534      0.417          20.980         30
      1          0               0         72        665      1.415          22.139         40
      1          0               0         50        642      1.907          25.760         50
      1          0               0         44        637      2.323          29.886         60
      1          0               0         69        878      6.109          27.029         70
      1          0               0         82       1661     10.697          27.256         80
      1          0               0        101       1997     20.392          28.950         90
      1          0               0         95       2682     48.205          25.832        100
      1          0               0        102        377      0.124           8.833         10
      1          0               0         90        519      0.328          15.178         20
      1          0               0         93        887      0.753          19.699         30
      1          0               0         49        652      0.640          27.878         40
      1          0               0        106       1295      2.101          33.689         50
      1          0               0         91       1595      3.005          37.418         60
      1          0               0         88       1572      4.884          34.955         70
      1          0               0         94       1189      8.412          33.543         80
      1          0               0        106       1607     17.606          31.038         90
      1          0               0         35        737      8.266          28.657        100
      1          0               0         68        286      0.090           8.559         10
      1          0               0        110        592      0.424          14.700         20
      1          0               0        122       1036      0.877          22.934         30
      1          0               0         60        738      0.892          25.733         40
      1          0               0         86       1036      2.325          27.953         50
      1          0               0         68       1029      3.181          29.632         60
      1          0               0         71       1193      4.665          32.113         70
      1          0               0         56       1166      6.316          32.304         80
      1          0               0         57       1409      8.897          32.772         90
      1          0               0         89       1672     22.323          29.461        100
      1          0               0         71        254      0.087           9.366         10
      1          0               0         70        529      0.282          14.243         20
      1          0               0         96        930      0.729          22.281         30
      1          0               0         97        857      1.362          26.577         40
      1          0               0         67        841      1.884          26.552         50
      1          0               0         91       1161      3.694          30.209         60
      1          0               0         69       1062      5.524          28.029         70
      1          0               0         66       1301      8.860          27.758         80
      1          0               0         64       1620     13.682          25.156         90
      1          0               0         59       1517     19.314          24.932        100
      1          0               0         52        265      0.076           8.346         10
      1          0               0        106        728      0.443          15.736         20
      1          0               0        110        691      0.807          23.573         30
      1          0               0        118       1408      1.607          27.263         40
      1          0               0        108       1521      3.173          28.759         50
      1          0               0         89       1290      4.679          28.427         60
      1          0               0         80       1227      6.499          28.200         70
      1          0               0         71       1195     10.147          28.113         80
      1          0               0         85       1745     22.494          23.553         90
      1          0               0         71       1435     27.986          25.338        100
      1          0               0         94        541      0.130           8.223         10
      1          0               0         88        600      0.360          14.693         20
      1          0               0         81        648      0.717          19.235         30
      1          0               0         75        842      1.333          23.133         40
      1          0               0         68        786      1.834          27.338         50
      1          0               0         64        958      2.739          31.656         60
      1          0               0         40        564      2.745          31.400         70
      1          0               0         55        841      5.449          31.709         80
      1          0               0         58       1145      9.593          29.034         90
      1          0               0         29        603      7.517          25.828        100
