success  collision  collision_obst   makespan   flowtime    runtime     mean_groups     mean_groups_size     number
      1          0               0         62        205      0.074           9.613                 1.05         10
      1          0               0        109        475      0.403          14.642                 1.37         20
      1          0               0        111        806      0.847          21.505                  1.4         30
      1          0               0         53        574      0.841          24.849                 1.61         40
      1          0               0         49        584      1.393          25.898                 1.94         50
      1          0               0         75        929      3.561          29.920                 2.01         60
      1          0               0         83       1074      5.300          33.518                  2.1         70
      1          0               0         76       1147      7.493          32.184                  2.5         80
      1          0               0         43       1073     10.435          28.279                  3.2         90
      1          0               0         82       1988     30.819          26.402                  3.8        100
      1          0               0         51        203      0.062           9.196                  1.1         10
      1          0               0        103        538      0.364          16.204                 1.24         20
      1          0               0         65        557      0.451          23.523                 1.28         30
      1          0               0        159       1527      1.934          27.774                 1.44         40
      1          0               0         66        817      2.139          28.409                 1.76         50
      1          0               0         84       1155      3.906          31.476                 1.92         60
      1          0               0         62       1070      6.308          28.661                 2.45         70
      1          0               0         50       1020      7.991          26.920                 2.99         80
      1          0               0         47       1052      9.106          30.340                 2.97         90
      1          0               0         58       1112     14.651          30.931                 3.25        100
      1          0               0         73        343      0.096           8.205                 1.24         10
      1          0               0         84        676      0.360          12.500                 1.64         20
      1          0               0         71        645      0.633          18.775                 1.61         30
      1          0               0         64        970      1.054          23.062                 1.74         40
      1          0               0         75       1162      1.948          28.733                 1.74         50
      1          0               0         89        984      3.794          28.618                  2.1         60
      1          0               0         92       1600      6.882          28.370                 2.47         70
      1          0               0         80       1512      9.288          28.750                 2.79         80
      1          0               0         84       1516     12.255          31.869                 2.83         90
      1          0               0         86       1035     17.498          33.395                 3.01        100
      1          0               0         86        360      0.106           8.965                 1.12         10
      1          0               0        132        882      0.506          14.667                 1.37         20
      1          0               0         80        740      0.615          21.688                 1.39         30
      1          0               0         98        635      1.459          27.276                 1.47         40
      1          0               0         87        608      2.200          32.575                 1.54         50
      1          0               0         73        697      2.922          34.753                 1.73         60
      1          0               0         95       1275      5.146          35.368                 1.98         70
      1          0               0         71        977      6.145          35.775                 2.24         80
      1          0               0         54        901      8.779          31.944                 2.83         90
      1          0               0         92       1649     21.547          32.348                  3.1        100
      1          0               0         79        315      0.128           7.544                 1.35         10
      1          0               0         89        522      0.317          15.697                 1.28         20
      1          0               0        103        779      0.765          21.534                  1.4         30
      1          0               0         87        813      1.016          31.011                  1.3         40
      1          0               0         87        861      1.817          34.333                 1.46         50
      1          0               0         67        944      2.180          38.104                 1.58         60
      1          0               0         75       1306      4.297          38.240                 1.84         70
      1          0               0         86       1521      6.841          38.767                 2.07         80
      1          0               0         51       1255      7.236          33.176                 2.73         90
      1          0               0         53       1098     12.354          29.245                 3.43        100
      1          0               0         50        170      0.060           9.100                 1.11         10
      1          0               0         87        402      0.291          16.828                  1.2         20
      1          0               0         80        745      0.563          23.075                  1.3         30
      1          0               0         65        644      0.794          28.277                 1.42         40
      1          0               0         70        905      1.839          29.200                 1.72         50
      1          0               0        116       1720      4.636          32.198                 1.87         60
      1          0               0        104       1367      6.534          34.452                 2.04         70
      1          0               0         59        925      6.262          31.220                 2.57         80
      1          0               0         60        983     12.384          29.717                 3.03         90
      1          0               0         51       1007     17.971          26.059                 3.85        100
      1          0               0        105        484      0.133           8.352                 1.21         10
      1          0               0         80        630      0.300          15.400                 1.32         20
      1          0               0        123        992      0.881          22.431                 1.34         30
      1          0               0        111        945      1.436          26.775                  1.5         40
      1          0               0         89       1331      2.400          29.303                 1.71         50
      1          0               0         48        727      2.469          29.188                 2.07         60
      1          0               0         67       1058      5.174          30.612                 2.29         70
      1          0               0         57       1200      6.556          31.000                 2.59         80
      1          0               0         88       1994     13.871          30.602                 2.94         90
      1          0               0         71       1564     18.463          29.155                 3.44        100
      1          0               0         79        254      0.097           8.696                 1.16         10
      1          0               0         70        399      0.237          17.157                 1.18         20
      1          0               0         78        566      0.628          21.628                  1.4         30
      1          0               0         71        625      0.962          27.718                 1.45         40
      1          0               0         73        969      1.780          29.342                 1.71         50
      1          0               0         99       1357      4.216          29.889                 2.01         60
      1          0               0         55       1206      3.965          29.091                 2.42         70
      1          0               0         74       1194     10.741          28.081                 2.86         80
      1          0               0         65       1262     12.870          30.323                 2.98         90
      1          0               0         88       1689     23.959          28.523                 3.51        100
      1          0               0         95        263      0.130           7.758                 1.31         10
      1          0               0        105        539      0.395          14.610                 1.38         20
      1          0               0         64        663      0.572          19.078                 1.58         30
      1          0               0         67        943      1.264          23.149                 1.74         40
      1          0               0         56        871      1.652          25.250                 1.99         50
      1          0               0         84       1470      5.492          25.393                 2.37         60
      1          0               0         94       1314      8.754          26.000                  2.7         70
      1          0               0         90       1613     12.124          27.378                 2.93         80
      1          0               0         50       1264     11.744          26.240                 3.46         90
      1          0               0         46       1135     17.401          26.435                 3.83        100
      1          0               0         60        249      0.079           9.117                 1.11         10
      1          0               0         64        579      0.241          15.953                 1.26         20
      1          0               0         63        655      0.631          20.762                 1.45         30
      1          0               0         88        782      1.390          24.955                 1.61         40
      1          0               0         42        608      1.364          25.619                 1.96         50
      1          0               0         43        761      2.048          26.698                 2.26         60
      1          0               0         99       1209      6.860          28.939                 2.42         70
      1          0               0         76       1365      8.241          30.592                 2.62         80
      1          0               0         80       1466     16.370          27.413                 3.29         90
      1          0               0         63       1009     23.695          21.667                 4.66        100
      1          0               0         48        223      0.059           8.688                 1.16         10
      1          0               0         75        508      0.293          13.493                 1.49         20
      1          0               0         60        667      0.534          17.600                 1.71         30
      1          0               0        116       1014      1.734          23.966                 1.67         40
      1          0               0        133       2074      4.171          24.256                 2.07         50
      1          0               0         73       1197      3.230          27.110                 2.22         60
      1          0               0         59       1185      3.974          28.000                 2.51         70
      1          0               0         80       1407      8.302          28.562                 2.81         80
      1          0               0         48       1271      7.681          27.771                 3.26         90
      1          0               0         63       1427     16.340          26.778                 3.76        100
      1          0               0         67        323      0.093           8.149                 1.26         10
      1          0               0         41        374      0.171          14.268                 1.41         20
      1          0               0         59        346      0.462          22.356                 1.35         30
      1          0               0        129        885      1.606          28.093                 1.43         40
      1          0               0        107       1118      2.613          28.869                 1.74         50
      1          0               0         55        732      2.009          31.018                 1.94         60
      1          0               0         85       1252      4.452          35.482                 1.98         70
      1          0               0         91       1635      7.824          34.242                 2.34         80
      1          0               0         99       2307     13.631          31.566                 2.86         90
      1          0               0         73       1756     15.514          30.438                  3.3        100
      1          0               0        108        472      0.126           9.556                 1.05         10
      1          0               0         52        517      0.196          15.904                 1.27         20
      1          0               0        104       1242      1.005          20.673                 1.46         30
      1          0               0         85       1276      1.404          26.706                  1.5         40
      1          0               0         92       1443      2.539          29.163                 1.72         50
      1          0               0         79       1376      4.089          30.013                 2.01         60
      1          0               0         70       1449      6.047          28.614                 2.46         70
      1          0               0         81       1928      9.659          30.556                 2.63         80
      1          0               0         75       1314     11.647          33.493                 2.69         90
      1          0               0         55       1264     11.684          32.291                 3.11        100
      1          0               0        107        457      0.131           8.822                 1.14         10
      1          0               0         54        263      0.203          15.593                 1.29         20
      1          0               0         50        479      0.410          22.440                 1.34         30
      1          0               0         45        584      0.850          27.089                 1.48         40
      1          0               0        108       1134      2.917          31.148                 1.61         50
      1          0               0        107       1360      4.308          33.084                 1.82         60
      1          0               0         39        960      3.123          30.538                  2.3         70
      1          0               0         68       1554      7.306          32.956                 2.44         80
      1          0               0         56       1310      8.671          34.607                 2.62         90
      1          0               0         50       1450     13.146          33.300                 3.04        100
      1          0               0         66        248      0.080           9.364                 1.08         10
      1          0               0        101        635      0.401          14.446                 1.39         20
      1          0               0        104        942      0.857          20.260                 1.49         30
      1          0               0         68        610      1.113          25.118                  1.6         40
      1          0               0         82       1146      2.275          28.537                 1.76         50
      1          0               0         69       1069      3.412          28.580                 2.11         60
      1          0               0         48       1146      4.286          29.146                 2.42         70
      1          0               0         91       1777      9.466          31.154                 2.57         80
      1          0               0         69       1898     10.200          34.058                 2.65         90
      1          0               0         90       2010     19.200          31.567                 3.18        100
      1          0               0         90        362      0.108           9.311                 1.08         10
      1          0               0         55        442      0.203          16.000                 1.26         20
      1          0               0        101       1059      0.711          23.307                 1.29         30
      1          0               0         87        996      1.243          27.908                 1.44         40
      1          0               0         94       1245      2.090          32.415                 1.55         50
      1          0               0        103       1369      3.747          32.689                 1.84         60
      1          0               0         95       1627      4.874          34.432                 2.04         70
      1          0               0         85       1923      7.558          33.141                 2.42         80
      1          0               0         77       1572     10.373          32.779                 2.76         90
      1          0               0         67       1762     17.166          32.463                 3.09        100
      1          0               0         72        207      0.086           9.417                 1.07         10
      1          0               0         95        746      0.368          15.484                  1.3         20
      1          0               0         93        510      0.742          20.280                  1.5         30
      1          0               0         48        463      0.714          23.479                 1.71         40
      1          0               0         95        962      2.690          24.989                 2.01         50
      1          0               0         81       1207      3.745          25.802                 2.34         60
      1          0               0         90       1170      5.899          27.256                 2.58         70
      1          0               0        103       1430     10.224          29.699                  2.7         80
      1          0               0         81       1257     12.370          27.580                 3.28         90
      1          0               0         69        844     14.240          28.638                 3.51        100
      1          0               0         31        136      0.040           8.387                  1.2         10
      1          0               0        141        510      0.589          14.716                 1.36         20
      1          0               0        114        735      0.975          20.140                 1.49         30
      1          0               0         87       1018      1.552          22.402                 1.79         40
      1          0               0        109       1006      3.402          24.560                 2.04         50
      1          0               0        134       1462      7.464          26.187                  2.3         60
      1          0               0        108       1103      8.916          26.963                 2.61         70
      1          0               0         79       1282     12.519          26.089                 3.09         80
      1          0               0        104       1412     20.898          27.298                 3.31         90
      1          0               0         98       1467     26.282          27.235                 3.69        100
      1          0               0        112        418      0.139           9.152                  1.1         10
      1          0               0         84        761      0.272          17.726                 1.14         20
      1          0               0        116        696      0.854          21.897                 1.37         30
      1          0               0        102       1126      1.534          26.363                 1.53         40
      1          0               0         69        892      2.057          26.884                 1.88         50
      1          0               0         97       1460      4.635          26.990                 2.26         60
      1          0               0         92       1473      6.580          27.380                 2.58         70
      1          0               0         95       2018      9.390          30.863                 2.62         80
      1          0               0         74       1642     11.027          31.108                 2.93         90
      1          0               0         49       1439     14.222          26.816                 3.75        100
      1          0               0         70        243      0.098           7.771                  1.3         10
      1          0               0         81        496      0.292          15.864                 1.27         20
      1          0               0        122        825      0.951          20.598                 1.46         30
      1          0               0         67        795      1.070          25.224                  1.6         40
      1          0               0         80       1116      2.301          27.950                 1.81         50
      1          0               0         74       1042      3.797          27.797                 2.16         60
      1          0               0         93       1086      7.362          27.914                 2.51         70
      1          0               0         90       1104     10.923          26.400                 3.04         80
      1          0               0         76       1147     13.814          28.605                 3.18         90
      1          0               0         39       1099     13.011          25.051                 4.03        100
      1          0               0         97        230      0.120           8.577                 1.17         10
      1          0               0         46        270      0.147          17.565                 1.14         20
      1          0               0         71        641      0.591          21.944                 1.38         30
      1          0               0         98        706      1.355          26.082                 1.54         40
      1          0               0         61        955      1.532          27.230                 1.85         50
      1          0               0         81       1111      3.064          31.716                  1.9         60
      1          0               0         99       1209      5.557          32.657                 2.15         70
      1          0               0         71        871      6.691          31.493                 2.55         80
      1          0               0         90       1144     11.553          35.444                 2.54         90
      1          0               0         98       1669     19.707          34.224                 2.93        100
      1          0               0         67        296      0.091           7.493                 1.35         10
      1          0               0         72        389      0.253          15.403                  1.3         20
      1          0               0        107        597      0.817          20.841                 1.44         30
      1          0               0         68        616      0.854          27.779                 1.45         40
      1          0               0         79        980      1.817          28.532                 1.76         50
      1          0               0         81       1142      3.251          30.444                 1.97         60
      1          0               0        102       1308      7.607          30.039                 2.33         70
      1          0               0         61       1408      7.468          30.803                  2.6         80
      1          0               0         52       1110      9.095          30.327                 2.98         90
      1          0               0         49       1040     12.031          30.122                 3.34        100
      1          0               0         75        209      0.089           9.360                 1.07         10
      1          0               0         93        672      0.332          15.957                 1.26         20
      1          0               0         67        683      0.554          19.448                 1.55         30
      1          0               0        110       1385      1.537          26.227                 1.53         40
      1          0               0         53        951      1.396          27.887                  1.8         50
      1          0               0         80       1354      3.741          30.613                 1.98         60
      1          0               0         39       1124      3.556          29.026                 2.44         70
      1          0               0        105       2057     20.596          29.771                  2.7         80
      1          0               0         47       1546     15.568          25.617                 3.55         90
      1          0               0         68       1639     30.904          25.574                 3.93        100
      1          0               0         73        328      0.092           8.644                 1.17         10
      1          0               0         89        602      0.322          15.101                 1.33         20
      1          0               0        103        775      0.769          20.437                 1.47         30
      1          0               0         57        668      0.820          24.105                 1.67         40
      1          0               0         92       1194      2.253          26.848                 1.89         50
      1          0               0         97       1462      3.970          27.897                 2.16         60
      1          0               0         58        867      3.662          28.017                 2.51         70
      1          0               0         87       1612      8.287          26.770                  3.0         80
      1          0               0         58       1217      8.526          27.259                 3.31         90
      1          0               0         74       1378     13.785          27.216                 3.69        100
      1          0               0         81        365      0.103           8.457                  1.2         10
      1          0               0        150        919      0.468          18.040                 1.11         20
      1          0               0         76        696      0.865          18.145                 1.66         30
      1          0               0        111       1130      2.129          23.685                 1.69         40
      1          0               0         49        664      1.752          25.224                  2.0         50
      1          0               0         60        883      3.348          28.967                 2.08         60
      1          0               0         70        940      5.966          27.986                 2.51         70
      1          0               0         43        944      6.517          27.581                 2.92         80
      1          0               0         65       1152     12.250          28.200                 3.21         90
      1          0               0         86       1675     43.394          23.860                 4.22        100
      1          0               0         79        325      0.094           9.278                 1.09         10
      1          0               0        100        431      0.310          18.000                 1.12         20
      1          0               0         64        523      0.416          24.281                 1.24         30
      1          0               0        123       1038      1.451          29.179                 1.38         40
      1          0               0        120       1323      2.576          30.892                 1.62         50
      1          0               0         89        882      3.081          31.607                 1.91         60
      1          0               0         95       1256      5.449          32.158                 2.18         70
      1          0               0         56       1099      5.520          30.857                 2.61         80
      1          0               0         85       1602     11.363          30.965                 2.92         90
      1          0               0         75       1760     18.206          26.627                 3.79        100
      1          0               0         73        182      0.085           9.548                 1.05         10
      1          0               0         51        316      0.186          14.510                 1.39         20
      1          0               0        137        787      1.052          20.263                 1.48         30
      1          0               0         97        724      1.529          23.763                 1.69         40
      1          0               0         73        878      1.886          25.411                 1.97         50
      1          0               0        117       1104      5.099          26.701                 2.25         60
      1          0               0        100       1572      6.385          29.360                  2.4         70
      1          0               0        104       1756      8.856          31.135                 2.58         80
      1          0               0         91       1809     12.176          28.275                  3.2         90
      1          0               0         84       1807     15.127          28.405                 3.53        100
      1          0               0         91        377      0.110           9.154                  1.1         10
      1          0               0         66        595      0.238          16.106                 1.25         20
      1          0               0         92        690      0.619          24.141                 1.25         30
      1          0               0        143        808      1.648          29.916                 1.34         40
      1          0               0        115       1229      2.317          32.670                 1.54         50
      1          0               0        109       1476      3.388          35.514                 1.69         60
      1          0               0         73       1296      4.352          33.384                 2.11         70
      1          0               0         69       1571      7.601          30.696                 2.61         80
      1          0               0         63       1577     11.287          28.508                 3.17         90
      1          0               0         73       1611     21.543          26.164                 3.84        100
      1          0               0        103        323      0.123           9.534                 1.05         10
      1          0               0        121        662      0.436          15.736                 1.27         20
      1          0               0        126        875      1.121          17.063                 1.77         30
      1          0               0         98       1086      1.576          21.694                 1.85         40
      1          0               0         81        994      2.840          23.407                 2.15         50
      1          0               0         95       1143      4.824          26.063                 2.31         60
      1          0               0         97       1382      7.504          23.536                 2.99         70
      1          0               0         87       1557     10.073          23.885                 3.37         80
      1          0               0         73       1549     14.735          26.247                 3.45         90
      1          0               0         71       1588     23.545          23.676                 4.24        100
      1          0               0         83        373      0.102           8.627                 1.16         10
      1          0               0         62        592      0.223          15.935                 1.27         20
      1          0               0        117        939      0.837          21.735                 1.38         30
      1          0               0         59        719      0.856          25.407                 1.59         40
      1          0               0         92        973      2.049          29.174                 1.73         50
      1          0               0         87        885      3.059          31.954                 1.88         60
      1          0               0        144       1606      8.416          32.882                 2.13         70
      1          0               0         75        983      6.318          31.760                 2.52         80
      1          0               0         58        925      7.291          32.241                  2.8         90
      1          0               0         51        856      9.524          31.294                 3.21        100
      1          0               0         58        246      0.084           7.759                  1.3         10
      1          0               0         55        463      0.253          14.564                 1.38         20
      1          0               0         62        646      0.591          18.855                 1.61         30
      1          0               0         54       1089      1.139          22.907                 1.77         40
      1          0               0         54        936      1.524          27.500                 1.83         50
      1          0               0         67       1472      3.238          28.537                 2.11         60
      1          0               0         60       1442      4.711          29.167                 2.41         70
      1          0               0         50       1454      6.136          31.060                 2.59         80
      1          0               0         83       1669     14.110          30.494                 2.96         90
      1          0               0         60       1867     15.112          29.683                 3.38        100
      1          0               0         96        391      0.136           7.844                 1.29         10
      1          0               0        100        654      0.351          16.550                 1.21         20
      1          0               0         95        996      0.685          23.189                 1.31         30
      1          0               0         58        714      0.983          23.672                  1.7         40
      1          0               0         91        946      2.746          26.264                 1.91         50
      1          0               0         85       1309      4.693          27.118                 2.23         60
      1          0               0         86       1122      8.381          28.965                 2.43         70
      1          0               0         71       1245      9.012          28.972                 2.77         80
      1          0               0         84       1426     17.002          27.512                 3.28         90
      1          0               0         52       1372     15.202          27.865                  3.6        100
      1          0               0         43        234      0.064           7.140                 1.43         10
      1          0               0         71        410      0.300          13.873                 1.45         20
      1          0               0         67        567      0.547          21.776                 1.39         30
      1          0               0         56        482      0.925          23.161                 1.73         40
      1          0               0         96        859      2.248          27.188                 1.85         50
      1          0               0        105       1610      4.463          28.200                 2.14         60
      1          0               0         97       1660      6.836          27.660                 2.54         70
      1          0               0        100       2017     12.412          25.380                 3.17         80
      1          0               0         72       1338     17.117          23.236                 3.91         90
      1          0               0         76       1471     24.212          21.092                  4.8        100
      1          0               0        123        358      0.155           9.228                  1.1         10
      1          0               0         94        611      0.334          16.191                 1.25         20
      1          0               0         73        794      0.586          20.082                  1.5         30
      1          0               0         86       1058      1.192          25.581                 1.57         40
      1          0               0         72       1069      1.747          29.931                 1.68         50
      1          0               0         91       1507      3.244          34.989                 1.72         60
      1          0               0         67       1343      3.683          36.940                  1.9         70
      1          0               0         64       1663      5.532          37.703                 2.14         80
      1          0               0         77       1983     11.844          37.208                 2.43         90
      1          0               0         58       1760     12.273          36.586                 2.74        100
      1          0               0         71        264      0.090           8.211                 1.23         10
      1          0               0        113        877      0.451          14.460                 1.39         20
      1          0               0         68        683      0.494          22.059                 1.36         30
      1          0               0        126       1086      1.476          29.595                 1.36         40
      1          0               0         69        835      1.627          29.000                 1.73         50
      1          0               0         65        817      2.431          30.969                 1.94         60
      1          0               0         87       1231      4.866          34.356                 2.04         70
      1          0               0         70       1218      6.716          33.571                 2.39         80
      1          0               0         63       1066      8.547          34.429                 2.63         90
      1          0               0         61       1269     11.558          32.115                 3.12        100
      1          0               0         85        279      0.109           8.435                 1.19         10
      1          0               0         88        649      0.307          16.534                 1.21         20
      1          0               0         92        916      0.723          21.272                 1.42         30
      1          0               0        107       1183      1.462          28.112                 1.43         40
      1          0               0        113       1554      2.682          30.814                 1.63         50
      1          0               0         72        937      2.911          32.625                 1.84         60
      1          0               0         51        905      3.098          34.137                 2.06         70
      1          0               0        136       1278     15.583          32.404                 2.47         80
      1          0               0         76       1306     12.864          29.684                 3.04         90
      1          0               0         65       1071     17.348          28.308                 3.55        100
      1          0               0         61        192      0.075           9.213                 1.09         10
      1          0               0         72        466      0.254          16.931                  1.2         20
      1          0               0         58        646      0.531          18.379                 1.64         30
      1          0               0         72        785      1.198          24.792                 1.62         40
      1          0               0        101       1293      2.848          27.406                 1.83         50
      1          0               0         55       1225      2.892          29.345                 2.05         60
      1          0               0         64       1310      5.220          28.500                 2.46         70
      1          0               0         80       1813     12.463          28.400                 2.83         80
      1          0               0         83       1788     20.068          25.518                 3.54         90
      1          0               0         54       1570     18.895          25.352                 3.98        100
      1          0               0         78        389      0.101           8.679                 1.17         10
      1          0               0         84        698      0.328          15.929                 1.28         20
      1          0               0         59        686      0.462          21.492                  1.4         30
      1          0               0         78       1004      1.157          26.000                 1.55         40
      1          0               0         92       1314      2.444          27.696                 1.81         50
      1          0               0         73       1286      3.681          29.041                 2.08         60
      1          0               0         98       1670      9.377          25.316                 2.78         70
      1          0               0         67       1179      9.921          27.388                 2.93         80
      1          0               0         65       1261     13.510          29.785                 3.03         90
      1          0               0         84       1711     26.035          25.488                 3.93        100
      1          0               0         98        301      0.118           9.316                 1.09         10
      1          0               0        118        604      0.394          16.941                 1.18         20
      1          0               0        139       1069      0.979          22.683                 1.33         30
      1          0               0         82        881      1.105          27.573                 1.46         40
      1          0               0         96       1026      2.057          33.177                 1.51         50
      1          0               0         79        968      2.877          36.063                 1.67         60
      1          0               0        112       1117      7.782          31.446                 2.23         70
      1          0               0         39        910      4.326          32.308                 2.48         80
      1          0               0         61       1357     11.975          27.705                 3.26         90
      1          0               0         64       1387     19.161          26.125                 3.84        100
      1          0               0         85        334      0.100           9.329                 1.08         10
      1          0               0         70        420      0.233          17.343                 1.16         20
      1          0               0         56        582      0.409          22.929                 1.33         30
      1          0               0         68        691      0.992          26.118                 1.53         40
      1          0               0         66        770      2.222          25.288                 1.98         50
      1          0               0         70       1052      3.816          27.400                  2.2         60
      1          0               0         45        956      3.740          27.356                 2.58         70
      1          0               0         74       1200      7.820          29.554                 2.71         80
      1          0               0         85       1471     15.089          28.459                 3.17         90
      1          0               0         93       2096     24.180          22.247                 4.53        100
      1          0               0         61        162      0.082           8.131                 1.24         10
      1          0               0        143        527      0.555          15.322                 1.31         20
      1          0               0        124        536      0.903          21.702                 1.38         30
      1          0               0        106        750      1.359          27.651                 1.45         40
      1          0               0         66        756      1.452          32.833                 1.53         50
      1          0               0         79       1090      2.528          36.367                 1.65         60
      1          0               0         50        666      2.643          35.840                 1.96         70
      1          0               0         49        814      3.988          37.510                 2.14         80
      1          0               0        104       1547     12.175          34.750                  2.6         90
      1          0               0         84       1479     16.769          34.036                 2.95        100
      1          0               0         80        323      0.099           9.050                 1.11         10
      1          0               0         73        469      0.259          15.918                 1.26         20
      1          0               0         78        640      0.625          19.821                 1.52         30
      1          0               0         74        955      1.035          24.541                 1.63         40
      1          0               0         80       1659      2.029          29.450                 1.71         50
      1          0               0         84       1384      3.017          33.024                 1.82         60
      1          0               0        110       1995      6.639          33.173                 2.11         70
      1          0               0         69       1385      7.906          32.232                 2.49         80
      1          0               0         67       1602     12.999          29.075                 3.11         90
      1          0               0         58       1738     16.937          27.793                 3.62        100
      1          0               0         76        232      0.098           9.355                 1.08         10
      1          0               0         70        444      0.241          18.129                 1.11         20
      1          0               0        106        697      0.678          25.915                 1.16         30
      1          0               0        111        969      1.654          27.631                 1.45         40
      1          0               0         88        918      1.950          32.136                 1.56         50
      1          0               0        103       1451      3.750          35.728                 1.68         60
      1          0               0         52        780      2.697          39.192                  1.8         70
      1          0               0        109       1268      8.715          38.404                 2.09         80
      1          0               0         79        907      8.981          39.430                 2.29         90
      1          0               0         65       1363     12.423          33.431                  3.0        100
      1          0               0         95        335      0.127           8.516                 1.19         10
      1          0               0         66        602      0.261          14.970                 1.35         20
      1          0               0        105        906      0.980          18.095                 1.67         30
      1          0               0        150       1347      2.528          22.960                 1.75         40
      1          0               0        133       1422      3.914          25.632                 1.96         50
      1          0               0         80        897      3.776          26.262                 2.29         60
      1          0               0         67       1253      4.734          29.701                 2.36         70
      1          0               0        136       2425     11.695          32.434                 2.47         80
      1          0               0         88       1578     12.285          31.409                 2.87         90
      1          0               0         65       1230     14.512          28.292                 3.55        100
      1          0               0         24        111      0.032           8.333                 1.21         10
      1          0               0         52        347      0.242          15.673                 1.29         20
      1          0               0         51        534      0.429          20.980                 1.44         30
      1          0               0         72        665      1.394          22.139                 1.82         40
      1          0               0         50        642      1.932          25.760                 1.96         50
      1          0               0         44        637      2.305          29.886                 2.01         60
      1          0               0         69        878      6.050          27.029                 2.61         70
      1          0               0         82       1661     10.707          27.256                 2.96         80
      1          0               0        101       1997     20.512          28.950                 3.12         90
      1          0               0         95       2682     47.445          25.832                 3.89        100
      1          0               0        102        377      0.131           8.833                 1.14         10
      1          0               0         90        519      0.334          15.178                 1.32         20
      1          0               0         93        887      0.769          19.699                 1.53         30
      1          0               0         49        652      0.654          27.878                 1.44         40
      1          0               0        106       1295      2.144          33.689                 1.49         50
      1          0               0         91       1595      3.055          37.418                 1.61         60
      1          0               0         88       1572      5.128          34.955                 2.01         70
      1          0               0         94       1189      8.596          33.543                  2.4         80
      1          0               0        106       1607     17.945          31.038                 2.91         90
      1          0               0         35        737      8.151          28.657                 3.51        100
      1          0               0         68        286      0.087           8.559                 1.18         10
      1          0               0        110        592      0.416          14.700                 1.37         20
      1          0               0        122       1036      0.852          22.934                 1.31         30
      1          0               0         60        738      0.874          25.733                 1.56         40
      1          0               0         86       1036      2.227          27.953                 1.79         50
      1          0               0         68       1029      2.976          29.632                 2.03         60
      1          0               0         71       1193      4.566          32.113                 2.19         70
      1          0               0         56       1166      6.266          32.304                 2.48         80
      1          0               0         57       1409      8.757          32.772                 2.75         90
      1          0               0         89       1672     21.622          29.461                  3.4        100
      1          0               0         71        254      0.085           9.366                 1.07         10
      1          0               0         70        529      0.275          14.243                 1.41         20
      1          0               0         96        930      0.712          22.281                 1.35         30
      1          0               0         97        857      1.309          26.577                 1.51         40
      1          0               0         67        841      1.814          26.552                 1.89         50
      1          0               0         91       1161      3.492          30.209                 1.99         60
      1          0               0         69       1062      5.349          28.029                 2.51         70
      1          0               0         66       1301      8.494          27.758                  2.9         80
      1          0               0         64       1620     13.224          25.156                  3.6         90
      1          0               0         59       1517     18.026          24.932                 4.03        100
      1          0               0         52        265      0.069           8.346                 1.22         10
      1          0               0        106        728      0.405          15.736                 1.28         20
      1          0               0        110        691      0.752          23.573                 1.28         30
      1          0               0        118       1408      1.560          27.263                 1.47         40
      1          0               0        108       1521      3.052          28.759                 1.74         50
      1          0               0         89       1290      4.275          28.427                 2.12         60
      1          0               0         80       1227      5.889          28.200                 2.49         70
      1          0               0         71       1195      9.420          28.113                 2.85         80
      1          0               0         85       1745     21.154          23.553                 3.86         90
      1          0               0         71       1435     25.787          25.338                 3.97        100
      1          0               0         94        541      0.125           8.223                 1.23         10
      1          0               0         88        600      0.353          14.693                 1.37         20
      1          0               0         81        648      0.700          19.235                 1.57         30
      1          0               0         75        842      1.266          23.133                 1.73         40
      1          0               0         68        786      1.760          27.338                 1.84         50
      1          0               0         64        958      2.564          31.656                  1.9         60
      1          0               0         40        564      2.594          31.400                 2.24         70
      1          0               0         55        841      5.149          31.709                 2.53         80
      1          0               0         58       1145      8.979          29.034                 3.11         90
      1          0               0         29        603      7.310          25.828                 3.88        100
