success  collision  collision_obst   makespan   flowtime    runtime mean_groups     number
      1          0               0         62        205      0.077      9.613         10
      1          0               0        109        475      0.424     14.642         20
      1          0               0        111        806      0.892     21.505         30
      1          0               0         53        574      0.902     24.849         40
      1          0               0         49        584      1.490     25.898         50
      1          0               0         51        203      0.065      9.196         10
      1          0               0        103        538      0.383     16.204         20
      1          0               0         65        557      0.485     23.523         30
      1          0               0        159       1527      2.025     27.774         40
      1          0               0         66        817      2.260     28.409         50
      1          0               0         73        343      0.101      8.205         10
      1          0               0         84        676      0.376     12.500         20
      1          0               0         71        645      0.675     18.775         30
      1          0               0         64        970      1.119     23.062         40
      1          0               0         75       1162      2.096     28.733         50
      1          0               0         86        360      0.114      8.965         10
      1          0               0        132        882      0.512     14.667         20
      1          0               0         80        740      0.645     21.688         30
      1          0               0         98        635      1.558     27.276         40
      1          0               0         87        608      2.392     32.575         50
      1          0               0         79        315      0.120      7.544         10
      1          0               0         89        522      0.332     15.697         20
      1          0               0        103        779      0.803     21.534         30
      1          0               0         87        813      1.036     31.011         40
      1          0               0         87        861      1.877     34.333         50
      1          0               0         50        170      0.066      9.100         10
      1          0               0         87        402      0.313     16.828         20
      1          0               0         80        745      0.608     23.075         30
      1          0               0         65        644      0.856     28.277         40
      1          0               0         70        905      2.145     29.200         50
      1          0               0        105        484      0.148      8.352         10
      1          0               0         80        630      0.326     15.400         20
      1          0               0        123        992      1.011     22.431         30
      1          0               0        111        945      1.663     26.775         40
      1          0               0         89       1331      2.767     29.303         50
      1          0               0         79        254      0.107      8.696         10
      1          0               0         70        399      0.263     17.157         20
      1          0               0         78        566      0.717     21.628         30
      1          0               0         71        625      1.120     27.718         40
      1          0               0         73        969      2.104     29.342         50
      1          0               0         95        263      0.152      7.758         10
      1          0               0        105        539      0.459     14.610         20
      1          0               0         64        663      0.659     19.078         30
      1          0               0         67        943      1.486     23.149         40
      1          0               0         56        871      1.832     25.250         50
      1          0               0         60        249      0.078      9.117         10
      1          0               0         64        579      0.255     15.953         20
      1          0               0         63        655      0.692     20.762         30
      1          0               0         88        782      1.449     24.955         40
      1          0               0         42        608      1.453     25.619         50
      1          0               0         48        223      0.064      8.688         10
      1          0               0         75        508      0.318     13.493         20
      1          0               0         60        667      0.601     17.600         30
      1          0               0        116       1014      1.969     23.966         40
      1          0               0        133       2074      4.720     24.256         50
      1          0               0         67        323      0.113      8.149         10
      1          0               0         41        374      0.225     14.268         20
      1          0               0         59        346      0.567     22.356         30
      1          0               0        129        885      1.780     28.093         40
      1          0               0        107       1118      2.842     28.869         50
      1          0               0        108        472      0.145      9.556         10
      1          0               0         52        517      0.213     15.904         20
      1          0               0        104       1242      1.067     20.673         30
      1          0               0         85       1276      1.460     26.706         40
      1          0               0         92       1443      2.601     29.163         50
      1          0               0        107        457      0.141      8.822         10
      1          0               0         54        263      0.211     15.593         20
      1          0               0         50        479      0.419     22.440         30
      1          0               0         45        584      0.841     27.089         40
      1          0               0        108       1134      2.992     31.148         50
      1          0               0         66        248      0.090      9.364         10
      1          0               0        101        635      0.415     14.446         20
      1          0               0        104        942      0.873     20.260         30
      1          0               0         68        610      1.112     25.118         40
      1          0               0         82       1146      2.317     28.537         50
      1          0               0         90        362      0.113      9.311         10
      1          0               0         55        442      0.214     16.000         20
      1          0               0        101       1059      0.749     23.307         30
      1          0               0         87        996      1.305     27.908         40
      1          0               0         94       1245      2.090     32.415         50
      1          0               0         72        207      0.090      9.417         10
      1          0               0         95        746      0.375     15.484         20
      1          0               0         93        510      0.762     20.280         30
      1          0               0         48        463      0.750     23.479         40
      1          0               0         95        962      2.853     24.989         50
      1          0               0         31        136      0.044      8.387         10
      1          0               0        141        510      0.637     14.716         20
      1          0               0        114        735      1.007     20.140         30
      1          0               0         87       1018      1.591     22.402         40
      1          0               0        109       1006      3.598     24.560         50
      1          0               0        112        418      0.144      9.152         10
      1          0               0         84        761      0.292     17.726         20
      1          0               0        116        696      0.918     21.897         30
      1          0               0        102       1126      1.608     26.363         40
      1          0               0         69        892      2.116     26.884         50
      1          0               0         70        243      0.102      7.771         10
      1          0               0         81        496      0.316     15.864         20
      1          0               0        122        825      1.048     20.598         30
      1          0               0         67        795      1.134     25.224         40
      1          0               0         80       1116      2.377     27.950         50
      1          0               0         97        230      0.127      8.577         10
      1          0               0         46        270      0.155     17.565         20
      1          0               0         71        641      0.571     21.944         30
      1          0               0         98        706      1.417     26.082         40
      1          0               0         61        955      1.640     27.230         50
      1          0               0         67        296      0.095      7.493         10
      1          0               0         72        389      0.264     15.403         20
      1          0               0        107        597      0.882     20.841         30
      1          0               0         68        616      0.912     27.779         40
      1          0               0         79        980      1.963     28.532         50
      1          0               0         75        209      0.096      9.360         10
      1          0               0         93        672      0.355     15.957         20
      1          0               0         67        683      0.593     19.448         30
      1          0               0        110       1385      1.707     26.227         40
      1          0               0         53        951      1.536     27.887         50
      1          0               0         73        328      0.099      8.644         10
      1          0               0         89        602      0.341     15.101         20
      1          0               0        103        775      0.820     20.437         30
      1          0               0         57        668      0.913     24.105         40
      1          0               0         92       1194      2.662     26.848         50
      1          0               0         81        365      0.112      8.457         10
      1          0               0        150        919      0.499     18.040         20
      1          0               0         76        696      0.934     18.145         30
      1          0               0        111       1130      2.304     23.685         40
      1          0               0         49        664      1.911     25.224         50
      1          0               0         79        325      0.102      9.278         10
      1          0               0        100        431      0.333     18.000         20
      1          0               0         64        523      0.448     24.281         30
      1          0               0        123       1038      1.626     29.179         40
      1          0               0        120       1323      2.877     30.892         50
      1          0               0         73        182      0.091      9.548         10
      1          0               0         51        316      0.200     14.510         20
      1          0               0        137        787      1.161     20.263         30
      1          0               0         97        724      1.715     23.763         40
      1          0               0         73        878      2.134     25.411         50
      1          0               0         91        377      0.126      9.154         10
      1          0               0         66        595      0.267     16.106         20
      1          0               0         92        690      0.700     24.141         30
      1          0               0        143        808      1.998     29.916         40
      1          0               0        115       1229      2.754     32.670         50
      1          0               0        103        323      0.134      9.534         10
      1          0               0        121        662      0.515     15.736         20
      1          0               0        126        875      1.272     17.063         30
      1          0               0         98       1086      1.838     21.694         40
      1          0               0         81        994      3.119     23.407         50
      1          0               0         83        373      0.129      8.627         10
      1          0               0         62        592      0.285     15.935         20
      1          0               0        117        939      1.066     21.735         30
      1          0               0         59        719      1.045     25.407         40
      1          0               0         92        973      2.328     29.174         50
      1          0               0         58        246      0.090      7.759         10
      1          0               0         55        463      0.264     14.564         20
      1          0               0         62        646      0.638     18.855         30
      1          0               0         54       1089      1.144     22.907         40
      1          0               0         54        936      1.679     27.500         50
      1          0               0         96        391      0.144      7.844         10
      1          0               0        100        654      0.369     16.550         20
      1          0               0         95        996      0.788     23.189         30
      1          0               0         58        714      1.046     23.672         40
      1          0               0         91        946      2.944     26.264         50
      1          0               0         43        234      0.069      7.140         10
      1          0               0         71        410      0.381     13.873         20
      1          0               0         67        567      0.569     21.776         30
      1          0               0         56        482      1.010     23.161         40
      1          0               0         96        859      2.544     27.188         50
      1          0               0        123        358      0.161      9.228         10
      1          0               0         94        611      0.352     16.191         20
      1          0               0         73        794      0.661     20.082         30
      1          0               0         86       1058      1.334     25.581         40
      1          0               0         72       1069      1.929     29.931         50
      1          0               0         71        264      0.098      8.211         10
      1          0               0        113        877      0.477     14.460         20
      1          0               0         68        683      0.543     22.059         30
      1          0               0        126       1086      1.579     29.595         40
      1          0               0         69        835      1.719     29.000         50
      1          0               0         85        279      0.113      8.435         10
      1          0               0         88        649      0.314     16.534         20
      1          0               0         92        916      0.754     21.272         30
      1          0               0        107       1183      1.480     28.112         40
      1          0               0        113       1554      2.597     30.814         50
      1          0               0         61        192      0.075      9.213         10
      1          0               0         72        466      0.251     16.931         20
      1          0               0         58        646      0.563     18.379         30
      1          0               0         72        785      1.185     24.792         40
      1          0               0        101       1293      2.948     27.406         50
      1          0               0         78        389      0.102      8.679         10
      1          0               0         84        698      0.331     15.929         20
      1          0               0         59        686      0.457     21.492         30
      1          0               0         78       1004      1.175     26.000         40
      1          0               0         92       1314      2.488     27.696         50
      1          0               0         98        301      0.121      9.316         10
      1          0               0        118        604      0.404     16.941         20
      1          0               0        139       1069      1.003     22.683         30
      1          0               0         82        881      1.133     27.573         40
      1          0               0         96       1026      2.126     33.177         50
      1          0               0         85        334      0.104      9.329         10
      1          0               0         70        420      0.242     17.343         20
      1          0               0         56        582      0.424     22.929         30
      1          0               0         68        691      1.061     26.118         40
      1          0               0         66        770      2.203     25.288         50
      1          0               0         61        162      0.080      8.131         10
      1          0               0        143        527      0.537     15.322         20
      1          0               0        124        536      0.868     21.702         30
      1          0               0        106        750      1.434     27.651         40
      1          0               0         66        756      1.477     32.833         50
      1          0               0         80        323      0.101      9.050         10
      1          0               0         73        469      0.262     15.918         20
      1          0               0         78        640      0.630     19.821         30
      1          0               0         74        955      1.057     24.541         40
      1          0               0         80       1659      2.028     29.450         50
      1          0               0         76        232      0.094      9.355         10
      1          0               0         70        444      0.231     18.129         20
      1          0               0        106        697      0.667     25.915         30
      1          0               0        111        969      1.645     27.631         40
      1          0               0         88        918      2.027     32.136         50
      1          0               0         95        335      0.179      8.516         10
      1          0               0         66        602      0.276     14.970         20
      1          0               0        105        906      0.990     18.095         30
      1          0               0        150       1347      2.451     22.960         40
      1          0               0        133       1422      3.842     25.632         50
      1          0               0         24        111      0.032      8.333         10
      1          0               0         52        347      0.201     15.673         20
      1          0               0         51        534      0.425     20.980         30
      1          0               0         72        665      1.401     22.139         40
      1          0               0         50        642      1.876     25.760         50
      1          0               0        102        377      0.130      8.833         10
      1          0               0         90        519      0.336     15.178         20
      1          0               0         93        887      0.772     19.699         30
      1          0               0         49        652      0.655     27.878         40
      1          0               0        106       1295      2.145     33.689         50
      1          0               0         68        286      0.088      8.559         10
      1          0               0        110        592      0.423     14.700         20
      1          0               0        122       1036      0.898     22.934         30
      1          0               0         60        738      0.887     25.733         40
      1          0               0         86       1036      2.227     27.953         50
      1          0               0         71        254      0.086      9.366         10
      1          0               0         70        529      0.277     14.243         20
      1          0               0         96        930      0.720     22.281         30
      1          0               0         97        857      1.324     26.577         40
      1          0               0         67        841      1.810     26.552         50
      1          0               0         52        265      0.070      8.346         10
      1          0               0        106        728      0.410     15.736         20
      1          0               0        110        691      0.761     23.573         30
      1          0               0        118       1408      1.606     27.263         40
      1          0               0        108       1521      3.153     28.759         50
      1          0               0         94        541      0.128      8.223         10
      1          0               0         88        600      0.358     14.693         20
      1          0               0         81        648      0.727     19.235         30
      1          0               0         75        842      1.317     23.133         40
      1          0               0         68        786      1.769     27.338         50
