success  collision  collision_obst   makespan   flowtime    runtime     mean_groups     number
      1          0               0        276       1446      0.219           9.978         10
      1          0               0        322       3475      0.478          19.913         20
      1          0               0        355       5902      0.775          29.377         30
      1          0               0        354       8034      1.019          38.997         40
      1          0               0        386       9895      1.448          48.619         50
      1          0               0        385      12421      1.703          56.197         60
      1          0               0        386      14310      2.002          65.329         70
      1          0               0        386      16336      2.255          74.028         80
      1          0               0        384      18360      2.530          82.234         90
      1          0               0        384      20260      2.792          91.826        100
      1          0               0        318       2683      0.314           9.953         10
      1          0               0        318       4431      0.474          19.755         20
      1          0               0        324       5997      0.711          29.043         30
      1          0               0        324       8280      0.952          37.941         40
      1          0               0        359      10158      1.347          47.253         50
      1          0               0        359      11531      1.644          56.657         60
      1          0               0        366      13557      1.882          65.546         70
      1          0               0        365      15446      2.130          74.584         80
      1          0               0        365      17453      2.423          83.570         90
      1          0               0        379      19084      2.779          92.644        100
      1          0               0        242       1696      0.195           9.938         10
      1          0               0        366       4043      0.546          19.929         20
      1          0               0        365       6317      0.801          29.490         30
      1          0               0        387       8142      1.125          38.832         40
      1          0               0        387       9698      1.396          47.780         50
      1          0               0        387      11682      1.725          56.705         60
      1          0               0        387      13737      1.977          66.183         70
      1          0               0        387      15802      2.255          75.406         80
      1          0               0        387      17958      2.532          84.747         90
      1          0               0        388      20311      2.821          93.598        100
      1          0               0        241       1599      0.192           9.963         10
      1          0               0        361       3272      0.533          19.917         20
      1          0               0        361       5606      0.790          29.324         30
      1          0               0        361       7025      1.058          39.260         40
      1          0               0        361       9202      1.426          48.180         50
      1          0               0        361      11420      1.635          56.875         60
      1          0               0        361      13377      1.890          65.942         70
      1          0               0        397      15630      2.391          74.348         80
      1          0               0        396      16859      2.653          83.707         90
      1          0               0        395      19228      2.991          92.590        100
      1          0               0        316       1487      0.251           9.968         10
      1          0               0        348       3486      0.527          19.198         20
      1          0               0        348       5222      0.805          28.948         30
      1          0               0        348       6747      1.013          38.448         40
      1          0               0        348       8560      1.259          47.994         50
      1          0               0        348      10051      1.513          57.448         60
      1          0               0        348      11616      1.762          66.960         70
      1          0               0        407      13693      2.420          75.717         80
      1          0               0        406      15796      2.737          84.202         90
      1          0               0        404      17601      3.033          93.007        100
      1          0               0        316       1492      0.253           9.937         10
      1          0               0        342       3823      0.530          19.822         20
      1          0               0        342       5233      0.782          29.637         30
      1          0               0        342       6832      1.014          38.757         40
      1          0               0        354       8666      1.286          48.223         50
      1          0               0        354      10628      1.544          56.986         60
      1          0               0        354      12269      1.830          65.859         70
      1          0               0        354      13817      2.107          75.042         80
      1          0               0        363      16323      2.426          84.044         90
      1          0               0        363      17753      2.683          93.719        100
      1          0               0        296       1591      0.236           9.821         10
      1          0               0        338       3425      0.508          19.757         20
      1          0               0        342       4932      0.748          29.509         30
      1          0               0        342       6194      0.991          38.804         40
      1          0               0        342       7490      1.224          48.585         50
      1          0               0        342       9592      1.469          57.643         60
      1          0               0        342      11628      1.695          66.681         70
      1          0               0        342      14014      1.925          75.310         80
      1          0               0        342      15883      2.198          84.032         90
      1          0               0        342      17534      2.436          93.474        100
      1          0               0        308       1986      0.248           9.964         10
      1          0               0        407       3661      0.606          19.880         20
      1          0               0        413       5730      0.905          29.661         30
      1          0               0        413       7559      1.188          39.320         40
      1          0               0        413       9339      1.448          48.564         50
      1          0               0        413      10563      1.789          58.228         60
      1          0               0        413      12807      2.052          67.584         70
      1          0               0        413      15007      2.309          77.174         80
      1          0               0        413      17231      2.599          85.806         90
      1          0               0        413      19161      2.969          94.857        100
      1          0               0        393       2129      0.307           9.980         10
      1          0               0        393       3758      0.574          19.702         20
      1          0               0        393       5427      0.842          29.099         30
      1          0               0        393       7079      1.112          38.962         40
      1          0               0        393       8833      1.375          48.654         50
      1          0               0        396      10856      1.677          57.750         60
      1          0               0        396      12876      1.986          67.053         70
      1          0               0        396      14558      2.220          76.301         80
      1          0               0        396      16809      2.504          85.348         90
      1          0               0        396      20214      2.947          92.987        100
      1          0               0        318       1842      0.249           9.978         10
      1          0               0        384       3997      0.588          19.417         20
      1          0               0        384       6079      0.832          29.232         30
      1          0               0        384       7925      1.099          38.466         40
      1          0               0        384       9776      1.351          48.117         50
      1          0               0        384      11500      1.651          57.237         60
      1          0               0        386      13849      1.989          65.842         70
      1          0               0        385      15804      2.193          75.249         80
      1          0               0        385      17371      2.525          84.535         90
      1          0               0        385      19070      2.775          93.262        100
      1          0               0        292       1846      0.229           9.966         10
      1          0               0        292       3335      0.445          19.716         20
      1          0               0        292       4966      0.639          28.771         30
      1          0               0        301       6651      0.878          37.963         40
      1          0               0        349       8950      1.253          47.175         50
      1          0               0        349      10239      1.522          56.398         60
      1          0               0        349      12191      1.769          65.266         70
      1          0               0        383      14421      2.240          73.303         80
      1          0               0        383      16534      2.499          81.958         90
      1          0               0        383      18288      2.785          90.700        100
      1          0               0        341       2169      0.268           9.953         10
      1          0               0        341       4401      0.514          19.314         20
      1          0               0        341       5968      0.744          29.123         30
      1          0               0        341       7590      0.974          38.774         40
      1          0               0        341       9199      1.216          48.062         50
      1          0               0        341      10925      1.449          57.384         60
      1          0               0        341      12632      1.692          65.874         70
      1          0               0        382      14235      2.156          74.827         80
      1          0               0        382      15982      2.404          83.822         90
      1          0               0        397      17428      2.761          93.053        100
      1          0               0        297       1614      0.249           9.923         10
      1          0               0        310       3444      0.488          19.865         20
      1          0               0        360       6014      0.811          29.683         30
      1          0               0        360       7972      1.046          38.386         40
      1          0               0        360       9657      1.294          47.267         50
      1          0               0        376      11458      1.654          57.104         60
      1          0               0        375      13477      1.904          65.608         70
      1          0               0        375      15515      2.174          74.317         80
      1          0               0        375      17841      2.463          82.275         90
      1          0               0        376      19996      2.742          90.774        100
      1          0               0        290       1792      0.224           9.990         10
      1          0               0        379       3623      0.545          19.902         20
      1          0               0        379       5371      0.799          29.699         30
      1          0               0        379       7521      1.059          39.269         40
      1          0               0        379       9640      1.327          48.451         50
      1          0               0        380      11384      1.614          58.111         60
      1          0               0        398      13500      1.990          67.327         70
      1          0               0        398      15856      2.233          76.676         80
      1          0               0        398      18170      2.545          85.899         90
      1          0               0        398      20071      2.922          95.221        100
      1          0               0        262       1544      0.202          10.000         10
      1          0               0        324       3535      0.474          19.910         20
      1          0               0        324       5533      0.699          29.667         30
      1          0               0        323       6891      0.925          38.607         40
      1          0               0        347       8559      1.228          48.205         50
      1          0               0        348      10042      1.476          57.632         60
      1          0               0        354      12209      1.743          66.525         70
      1          0               0        354      14207      1.992          75.989         80
      1          0               0        355      16101      2.269          84.699         90
      1          0               0        386      18492      2.752          93.435        100
      1          0               0        361       1972      0.293           9.934         10
      1          0               0        360       3509      0.540          19.828         20
      1          0               0        360       4935      0.807          29.650         30
      1          0               0        360       6716      1.022          39.319         40
      1          0               0        360       8546      1.282          48.617         50
      1          0               0        360      10153      1.509          57.950         60
      1          0               0        360      12014      1.761          66.811         70
      1          0               0        359      13375      1.996          75.591         80
      1          0               0        359      14816      2.243          84.769         90
      1          0               0        360      16803      2.503          93.331        100
      1          0               0        298       1829      0.233           9.987         10
      1          0               0        325       3729      0.476          19.772         20
      1          0               0        325       5490      0.701          29.655         30
      1          0               0        325       7094      0.940          39.465         40
      1          0               0        325       8525      1.146          48.982         50
      1          0               0        325      10339      1.397          58.031         60
      1          0               0        325      12273      1.611          67.542         70
      1          0               0        325      13871      1.834          76.092         80
      1          0               0        341      16675      2.205          84.085         90
      1          0               0        341      18453      2.452          91.718        100
      1          0               0        286       1009      0.221           9.962         10
      1          0               0        352       2504      0.506          19.770         20
      1          0               0        352       4731      0.768          29.545         30
      1          0               0        352       6222      0.993          38.952         40
      1          0               0        352       8543      1.267          48.207         50
      1          0               0        392      10751      1.677          58.092         60
      1          0               0        392      12801      2.045          67.212         70
      1          0               0        392      14749      2.235          76.365         80
      1          0               0        392      16534      2.517          85.013         90
      1          0               0        395      18618      2.823          94.127        100
      1          0               0        244       1209      0.188          10.000         10
      1          0               0        314       2775      0.452          19.914         20
      1          0               0        338       5347      0.716          29.698         30
      1          0               0        363       7512      1.052          39.488         40
      1          0               0        363       9926      1.271          48.826         50
      1          0               0        363      11769      1.535          57.375         60
      1          0               0        388      13517      1.907          66.884         70
      1          0               0        389      15896      2.253          74.666         80
      1          0               0        389      17685      2.492          83.003         90
      1          0               0        388      19301      2.760          92.433        100
      1          0               0        288       1666      0.229           9.337         10
      1          0               0        321       3672      0.482          18.564         20
      1          0               0        321       5387      0.706          27.854         30
      1          0               0        321       7441      0.956          37.826         40
      1          0               0        378       9221      1.349          47.717         50
      1          0               0        378      11089      1.659          56.534         60
      1          0               0        378      13320      1.915          65.561         70
      1          0               0        378      15118      2.160          74.497         80
      1          0               0        385      17251      2.514          84.039         90
      1          0               0        386      19197      2.796          92.003        100
      1          0               0        293       1459      0.227           9.969         10
      1          0               0        294       3201      0.451          19.827         20
      1          0               0        346       4996      0.753          28.882         30
      1          0               0        346       6441      1.028          38.442         40
      1          0               0        354       8465      1.271          48.031         50
      1          0               0        355      10173      1.506          57.608         60
      1          0               0        355      11521      1.784          67.096         70
      1          0               0        355      13029      2.045          75.685         80
      1          0               0        355      15257      2.417          84.994         90
      1          0               0        374      17395      2.714          94.316        100
      1          0               0        280       1494      0.217           9.957         10
      1          0               0        300       3469      0.448          19.867         20
      1          0               0        346       5155      0.755          29.659         30
      1          0               0        346       6759      0.988          39.205         40
      1          0               0        345       8891      1.224          48.597         50
      1          0               0        347      10959      1.485          57.749         60
      1          0               0        355      13738      1.822          66.346         70
      1          0               0        355      15075      2.061          75.180         80
      1          0               0        355      16885      2.309          83.780         90
      1          0               0        355      18772      2.511          93.397        100
      1          0               0        365       1968      0.280           9.978         10
      1          0               0        365       3521      0.531          19.918         20
      1          0               0        365       5480      0.811          29.597         30
      1          0               0        365       7492      1.058          39.170         40
      1          0               0        365       9311      1.345          48.532         50
      1          0               0        365      10621      1.536          58.189         60
      1          0               0        364      12344      1.755          67.750         70
      1          0               0        364      14793      2.050          76.758         80
      1          0               0        364      16719      2.309          85.560         90
      1          0               0        364      18311      2.531          94.566        100
      1          0               0        351       2323      0.273           9.977         10
      1          0               0        351       4201      0.511          19.880         20
      1          0               0        356       6206      0.759          29.410         30
      1          0               0        356       8212      1.007          39.079         40
      1          0               0        356      10899      1.273          48.781         50
      1          0               0        356      12833      1.536          57.461         60
      1          0               0        356      15230      1.767          66.860         70
      1          0               0        356      17672      2.025          75.188         80
      1          0               0        356      19869      2.289          84.194         90
      1          0               0        356      22102      2.556          91.680        100
      1          0               0        243       1803      0.192           9.951         10
      1          0               0        324       3509      0.474          19.778         20
      1          0               0        324       5113      0.713          29.654         30
      1          0               0        324       6754      0.915          39.543         40
      1          0               0        330       8574      1.152          48.900         50
      1          0               0        329      10177      1.373          58.292         60
      1          0               0        329      12194      1.614          67.815         70
      1          0               0        361      14546      2.020          76.064         80
      1          0               0        361      16404      2.272          84.726         90
      1          0               0        360      18105      2.528          94.153        100
      1          0               0        360       2210      0.285           9.839         10
      1          0               0        360       3663      0.522          19.819         20
      1          0               0        360       5811      0.775          29.681         30
      1          0               0        360       7529      1.032          39.036         40
      1          0               0        360       9203      1.281          48.547         50
      1          0               0        360      11158      1.521          57.664         60
      1          0               0        359      12445      1.777          66.797         70
      1          0               0        360      14401      2.015          76.125         80
      1          0               0        366      16602      2.377          85.385         90
      1          0               0        366      18687      2.598          93.948        100
      1          0               0        355       2444      0.289           9.823         10
      1          0               0        355       4566      0.531          19.332         20
      1          0               0        355       6005      0.800          29.177         30
      1          0               0        356       7897      1.018          38.910         40
      1          0               0        356      10027      1.278          48.306         50
      1          0               0        356      11876      1.565          57.744         60
      1          0               0        356      13882      1.818          66.694         70
      1          0               0        355      15305      2.045          76.490         80
      1          0               0        355      17083      2.301          85.986         90
      1          0               0        355      19132      2.537          95.107        100
      1          0               0        237       1229      0.184           9.987         10
      1          0               0        334       2706      0.484          19.344         20
      1          0               0        384       5538      0.818          29.115         30
      1          0               0        383       6984      1.073          38.966         40
      1          0               0        383       8276      1.342          48.311         50
      1          0               0        383       9808      1.624          57.843         60
      1          0               0        383      10812      1.886          67.258         70
      1          0               0        383      12994      2.215          75.381         80
      1          0               0        388      15044      2.447          84.518         90
      1          0               0        388      17407      2.716          93.314        100
      1          0               0        343       1970      0.266           9.752         10
      1          0               0        343       3802      0.497          19.621         20
      1          0               0        344       6064      0.736          29.349         30
      1          0               0        378       8064      1.079          39.114         40
      1          0               0        378      10147      1.324          48.823         50
      1          0               0        378      11812      1.579          57.574         60
      1          0               0        378      13506      1.844          66.892         70
      1          0               0        378      16284      2.116          75.302         80
      1          0               0        378      17984      2.390          84.090         90
      1          0               0        378      19967      2.671          92.222        100
      1          0               0        361       1743      0.279           9.945         10
      1          0               0        361       3186      0.523          19.681         20
      1          0               0        361       5554      0.776          29.457         30
      1          0               0        362       7120      1.038          39.094         40
      1          0               0        363       9341      1.296          47.242         50
      1          0               0        364      10845      1.556          56.489         60
      1          0               0        364      12446      1.810          65.876         70
      1          0               0        363      14831      2.038          74.700         80
      1          0               0        369      16752      2.355          83.431         90
      1          0               0        369      19005      2.628          92.220        100
      1          0               0        312       2105      0.254           9.894         10
      1          0               0        311       3895      0.484          19.723         20
      1          0               0        333       5527      0.736          29.523         30
      1          0               0        333       6924      0.958          39.243         40
      1          0               0        355       8868      1.250          48.994         50
      1          0               0        355      10979      1.509          58.208         60
      1          0               0        355      12614      1.737          67.814         70
      1          0               0        361      15022      2.022          76.161         80
      1          0               0        361      17357      2.305          84.861         90
      1          0               0        361      18910      2.527          93.765        100
      1          0               0        356       2329      0.281           9.798         10
      1          0               0        356       3989      0.524          19.514         20
      1          0               0        357       5778      0.761          29.451         30
      1          0               0        357       7399      0.997          38.868         40
      1          0               0        356       9324      1.249          48.253         50
      1          0               0        356      11197      1.499          56.972         60
      1          0               0        380      12943      1.875          66.176         70
      1          0               0        379      15424      2.165          74.179         80
      1          0               0        378      17987      2.430          83.304         90
      1          0               0        379      20122      2.687          91.515        100
      1          0               0        224       1140      0.173           9.714         10
      1          0               0        357       3607      0.512          19.569         20
      1          0               0        357       4525      0.746          29.487         30
      1          0               0        357       5954      0.990          38.367         40
      1          0               0        357       7522      1.254          47.095         50
      1          0               0        357       9472      1.530          56.174         60
      1          0               0        357      12015      1.775          65.241         70
      1          0               0        357      14281      2.029          74.602         80
      1          0               0        357      16265      2.341          83.345         90
      1          0               0        357      18273      2.587          91.230        100
      1          0               0        397       1921      0.313           9.955         10
      1          0               0        397       3615      0.576          19.864         20
      1          0               0        397       5720      0.844          29.330         30
      1          0               0        396       7698      1.112          39.066         40
      1          0               0        396       9618      1.392          48.258         50
      1          0               0        396      11864      1.675          56.561         60
      1          0               0        396      14514      1.973          65.273         70
      1          0               0        396      16114      2.256          74.146         80
      1          0               0        396      18696      2.561          82.556         90
      1          0               0        396      20270      2.841          91.323        100
      1          0               0        313       1641      0.241           9.920         10
      1          0               0        312       3071      0.451          19.846         20
      1          0               0        311       4745      0.676          29.701         30
      1          0               0        312       6743      0.901          39.266         40
      1          0               0        312       8558      1.122          48.843         50
      1          0               0        333      10320      1.540          58.030         60
      1          0               0        335      12823      1.719          67.069         70
      1          0               0        394      15605      2.278          75.660         80
      1          0               0        393      17561      2.539          84.901         90
      1          0               0        393      19076      2.801          93.888        100
      1          0               0        329       1879      0.264           9.976         10
      1          0               0        329       3527      0.497          19.502         20
      1          0               0        329       5888      0.759          28.319         30
      1          0               0        370       7767      1.076          38.089         40
      1          0               0        369       9674      1.339          47.206         50
      1          0               0        416      11948      1.807          56.481         60
      1          0               0        416      13586      2.159          64.966         70
      1          0               0        416      14788      2.387          74.498         80
      1          0               0        416      16746      3.584          82.950         90
      1          0               0        416      19188      3.066          91.399        100
      1          0               0        320       2343      0.258           9.944         10
      1          0               0        354       4331      0.531          19.675         20
      1          0               0        382       6239      0.837          28.866         30
      1          0               0        382       8380      1.145          38.361         40
      1          0               0        382      10111      1.402          46.662         50
      1          0               0        382      12147      1.723          56.246         60
      1          0               0        389      14091      1.989          64.781         70
      1          0               0        389      16365      2.253          73.614         80
      1          0               0        389      18291      2.639          81.607         90
      1          0               0        389      20468      2.843          90.488        100
      1          0               0        281       1734      0.231           9.964         10
      1          0               0        381       3992      0.575          19.879         20
      1          0               0        381       5919      0.850          29.745         30
      1          0               0        390       8023      1.113          39.049         40
      1          0               0        390       9894      1.378          48.751         50
      1          0               0        390      11777      1.640          58.123         60
      1          0               0        390      13705      1.918          67.185         70
      1          0               0        390      15539      2.219          76.772         80
      1          0               0        391      17395      2.470          85.033         90
      1          0               0        391      18759      2.776          94.399        100
      1          0               0        293       1969      0.228           9.980         10
      1          0               0        292       3080      0.432          19.757         20
      1          0               0        369       5228      0.800          29.290         30
      1          0               0        369       6459      1.054          38.973         40
      1          0               0        369       7966      1.300          48.526         50
      1          0               0        369       9886      1.558          56.916         60
      1          0               0        369      12315      1.805          66.033         70
      1          0               0        369      14296      2.072          75.008         80
      1          0               0        369      16175      2.328          84.003         90
      1          0               0        368      18222      2.616          92.677        100
      1          0               0        314       2042      0.249           9.850         10
      1          0               0        332       4211      0.491          19.572         20
      1          0               0        332       5931      0.718          29.075         30
      1          0               0        373       7850      1.073          38.029         40
      1          0               0        382       9967      1.359          47.542         50
      1          0               0        382      12821      1.639          56.031         60
      1          0               0        382      14402      1.953          65.351         70
      1          0               0        382      15944      2.196          74.204         80
      1          0               0        381      17697      2.460          83.391         90
      1          0               0        381      19249      2.699          92.680        100
      1          0               0        240       1370      0.189           9.875         10
      1          0               0        326       3327      0.474          19.837         20
      1          0               0        326       5164      0.695          29.632         30
      1          0               0        326       7034      0.928          38.908         40
      1          0               0        326       9117      1.159          48.537         50
      1          0               0        326      10836      1.386          57.718         60
      1          0               0        326      12446      1.614          67.190         70
      1          0               0        326      14548      1.867          74.831         80
      1          0               0        356      16660      2.305          82.303         90
      1          0               0        356      18038      2.553          91.421        100
      1          0               0        303       1329      0.236           9.997         10
      1          0               0        403       3768      0.583          19.886         20
      1          0               0        403       5334      0.859          29.370         30
      1          0               0        403       7630      1.155          38.442         40
      1          0               0        403      10122      1.431          47.412         50
      1          0               0        403      11719      1.707          56.859         60
      1          0               0        403      13188      2.018          66.499         70
      1          0               0        403      15277      2.340          75.690         80
      1          0               0        403      17720      2.680          84.658         90
      1          0               0        403      19836      2.942          93.707        100
      1          0               0        328       2018      0.254           9.948         10
      1          0               0        328       3591      0.474          19.854         20
      1          0               0        341       5438      0.726          29.220         30
      1          0               0        341       7125      0.955          38.927         40
      1          0               0        381       9003      1.322          48.638         50
      1          0               0        382      11149      1.618          57.874         60
      1          0               0        382      12985      1.935          66.806         70
      1          0               0        382      15582      2.196          75.136         80
      1          0               0        381      17528      2.522          83.640         90
      1          0               0        381      19593      2.772          91.470        100
      1          0               0        361       2134      0.304           9.914         10
      1          0               0        361       3783      0.535          19.751         20
      1          0               0        361       5597      0.825          29.335         30
      1          0               0        407       7773      1.212          38.101         40
      1          0               0        408       9298      1.473          47.248         50
      1          0               0        407      11528      1.759          56.673         60
      1          0               0        407      13117      2.097          65.821         70
      1          0               0        407      15245      2.354          74.194         80
      1          0               0        407      16961      2.622          83.514         90
      1          0               0        407      18919      2.956          91.941        100
      1          0               0        348       1997      0.278          10.000         10
      1          0               0        348       3812      0.518          19.862         20
      1          0               0        348       5753      0.747          29.420         30
      1          0               0        348       7546      0.994          39.017         40
      1          0               0        348       9029      1.244          47.836         50
      1          0               0        348      10380      1.471          57.514         60
      1          0               0        348      12197      1.707          66.810         70
      1          0               0        348      13707      1.953          76.210         80
      1          0               0        349      15443      2.229          85.504         90
      1          0               0        356      17693      2.616          93.461        100
      1          0               0        300       1899      0.235           9.963         10
      1          0               0        426       3725      0.621          19.793         20
      1          0               0        426       6019      0.915          29.425         30
      1          0               0        426       8488      1.215          38.779         40
      1          0               0        426      10509      1.577          48.169         50
      1          0               0        426      12603      1.896          57.798         60
      1          0               0        426      14277      2.167          67.343         70
      1          0               0        426      16367      2.531          75.582         80
      1          0               0        426      18906      2.743          84.948         90
      1          0               0        426      20661      3.025          94.329        100
      1          0               0        323       1950      0.249           9.960         10
      1          0               0        384       3688      0.556          19.471         20
      1          0               0        384       5713      0.821          28.732         30
      1          0               0        384       7584      1.170          38.018         40
      1          0               0        385       9385      1.390          47.094         50
      1          0               0        385      11189      1.656          56.538         60
      1          0               0        384      13255      1.888          65.198         70
      1          0               0        384      15513      2.161          74.289         80
      1          0               0        384      17488      2.435          83.000         90
      1          0               0        384      19928      2.710          91.641        100
      1          0               0        319       1660      0.244           9.912         10
      1          0               0        346       4131      0.506          19.211         20
      1          0               0        347       5921      0.738          29.144         30
      1          0               0        347       7844      0.987          38.184         40
      1          0               0        370       9383      1.302          48.062         50
      1          0               0        369      11597      1.547          57.225         60
      1          0               0        369      13502      1.810          66.051         70
      1          0               0        370      16295      2.082          74.741         80
      1          0               0        370      18320      2.348          83.535         90
      1          0               0        370      20502      2.618          91.554        100
      1          0               0        245       1440      0.188           9.984         10
      1          0               0        386       4059      0.559          19.847         20
      1          0               0        386       6179      0.846          29.358         30
      1          0               0        385       7865      1.106          38.686         40
      1          0               0        385       9577      1.388          47.925         50
      1          0               0        385      11084      1.659          57.725         60
      1          0               0        385      12858      1.930          66.532         70
      1          0               0        385      15175      2.168          75.532         80
      1          0               0        385      16794      2.430          84.306         90
      1          0               0        385      18842      2.771          91.808        100
      1          0               0        337       2096      0.280           9.988         10
      1          0               0        337       3634      0.517          19.822         20
      1          0               0        337       5289      0.762          29.552         30
      1          0               0        337       7052      0.991          38.736         40
      1          0               0        351       9053      1.301          48.521         50
      1          0               0        368      10898      1.541          57.815         60
      1          0               0        368      13300      1.815          66.704         70
      1          0               0        369      14845      2.104          75.881         80
      1          0               0        368      16597      2.337          84.489         90
      1          0               0        367      18680      2.588          92.354        100
