success  collision  collision_obst   makespan   flowtime    runtime     mean_groups     mean_groups_size     number
      1          0               0        322       3475      1.093          19.913                  1.0         20
      1          0               0        354       8034      2.372          38.997                 1.03         40
      1          0               0        385      12421      3.876          56.197                 1.07         60
      1          0               0        386      16336      5.112          74.028                 1.08         80
      1          0               0        384      20260      6.445          91.826                 1.09        100
      1          0               0        385      24642      7.931         108.026                 1.11        120
      1          0               0        386      28603      9.283         125.951                 1.11        140
      1          0               0        385      32631     10.605         142.930                 1.12        160
      1          0               0        386      36161     11.525         159.319                 1.13        180
      1          0               0        387      40040     13.521         174.302                 1.15        200
      1          0               0        318       4431      1.071          19.755                 1.01         20
      1          0               0        324       8280      2.163          37.941                 1.06         40
      1          0               0        359      11531      3.528          56.657                 1.06         60
      1          0               0        365      15446      4.867          74.584                 1.08         80
      1          0               0        379      19084      6.073          92.644                 1.08        100
      1          0               0        380      22971      4.159         109.595                  1.1        120
      1          0               0        380      26461      5.201         127.247                  1.1        140
      1          0               0        380      30189     10.314         143.487                 1.12        160
      1          0               0        378      34181     11.749         159.672                 1.13        180
      1          0               0        379      38508     13.089         174.794                 1.15        200
      1          0               0        366       4043      1.183          19.929                  1.0         20
      1          0               0        387       8142      2.459          38.832                 1.03         40
      1          0               0        387      11682      3.708          56.705                 1.06         60
      1          0               0        387      15802      4.977          75.406                 1.06         80
      1          0               0        388      20311      6.207          93.598                 1.07        100
      1          0               0        387      24276      7.554         111.377                 1.08        120
      1          0               0        387      28269      8.970         127.682                  1.1        140
      1          0               0        387      32110     10.185         145.899                  1.1        160
      1          0               0        386      36090      8.019         161.974                 1.12        180
      1          0               0        386      40471     11.209         177.407                 1.13        200
      1          0               0        361       3272      1.197          19.917                  1.0         20
      1          0               0        361       7025      2.272          39.260                 1.02         40
      1          0               0        361      11420      3.429          56.875                 1.06         60
      1          0               0        397      15630      5.195          74.348                 1.08         80
      1          0               0        395      19228      4.125          92.590                 1.08        100
      1          0               0        395      23390      4.443         110.438                 1.09        120
      1          0               0        419      29030      5.543         127.952                  1.1        140
      1          0               0        421      33030      6.409         145.475                  1.1        160
      1          0               0        420      36527      7.210         161.314                 1.12        180
      1          0               0        420      40167      7.993         177.055                 1.13        200
      1          0               0        348       3486      0.640          19.198                 1.04         20
      1          0               0        348       6747      1.233          38.448                 1.04         40
      1          0               0        348      10051      1.952          57.448                 1.05         60
      1          0               0        407      13693      2.996          75.717                 1.06         80
      1          0               0        404      17601      3.700          93.007                 1.08        100
      1          0               0        404      22493      4.454         110.228                 1.09        120
      1          0               0        403      26655      5.319         127.596                  1.1        140
      1          0               0        402      30373      6.016         142.930                 1.12        160
      1          0               0        402      34639      6.993         158.759                 1.14        180
      1          0               0        404      39000      7.777         173.421                 1.16        200
      1          0               0        342       3823      0.656          19.822                 1.01         20
      1          0               0        342       6832      1.289          38.757                 1.03         40
      1          0               0        354      10628      1.997          56.986                 1.05         60
      1          0               0        354      13817      2.665          75.042                 1.07         80
      1          0               0        363      17753      3.350          93.719                 1.07        100
      1          0               0        363      22067      4.104         111.634                 1.08        120
      1          0               0        371      25868      4.956         126.642                 1.11        140
      1          0               0        382      29997      5.828         144.042                 1.11        160
      1          0               0        380      34477      6.498         160.361                 1.13        180
      1          0               0        385      38966      7.399         175.914                 1.14        200
      1          0               0        338       3425      0.639          19.757                 1.01         20
      1          0               0        342       6194      1.266          38.804                 1.03         40
      1          0               0        342       9592      1.886          57.643                 1.04         60
      1          0               0        342      14014      2.506          75.310                 1.06         80
      1          0               0        342      17534      3.175          93.474                 1.07        100
      1          0               0        407      21096      4.452         111.754                 1.08        120
      1          0               0        406      25504      5.365         127.200                  1.1        140
      1          0               0        405      29670      6.199         143.941                 1.11        160
      1          0               0        408      34131      6.906         161.074                 1.12        180
      1          0               0        405      37341      7.756         177.970                 1.13        200
      1          0               0        407       3661      0.957          19.880                 1.01         20
      1          0               0        413       7559      1.577          39.320                 1.02         40
      1          0               0        413      10563      2.254          58.228                 1.03         60
      1          0               0        413      15007      3.036          77.174                 1.04         80
      1          0               0        413      19161      3.720          94.857                 1.06        100
      1          0               0        413      23270      4.629         111.058                 1.08        120
      1          0               0        414      27385      5.494         127.978                  1.1        140
      1          0               0        413      31475      6.291         143.186                 1.12        160
      1          0               0        411      35661      7.084         160.416                 1.12        180
      1          0               0        412      39844      7.953         175.393                 1.14        200
      1          0               0        393       3758      0.739          19.702                 1.02         20
      1          0               0        393       7079      1.456          38.962                 1.03         40
      1          0               0        396      10856      2.199          57.750                 1.04         60
      1          0               0        396      14558      2.943          76.301                 1.05         80
      1          0               0        396      20214      3.715          92.987                 1.08        100
      1          0               0        396      24108      4.503         110.422                 1.09        120
      1          0               0        396      27802      5.301         128.389                 1.09        140
      1          0               0        396      32054      6.093         145.235                 1.11        160
      1          0               0        396      36270      7.154         160.831                 1.12        180
      1          0               0        396      41615      7.767         174.790                 1.15        200
      1          0               0        384       3997      0.736          19.417                 1.03         20
      1          0               0        384       7925      1.450          38.466                 1.04         40
      1          0               0        384      11500      2.145          57.237                 1.05         60
      1          0               0        385      15804      2.914          75.249                 1.07         80
      1          0               0        385      19070      3.548          93.262                 1.08        100
      1          0               0        386      22758      4.353         111.285                 1.08        120
      1          0               0        421      26837      5.640         128.050                  1.1        140
      1          0               0        420      30631      6.317         144.417                 1.11        160
      1          0               0        420      35673      7.156         159.781                 1.13        180
      1          0               0        421      41508      8.163         173.019                 1.16        200
      1          0               0        292       3335      0.632          19.716                 1.02         20
      1          0               0        301       6651      1.119          37.963                 1.06         40
      1          0               0        349      10239      1.910          56.398                 1.07         60
      1          0               0        383      14421      2.844          73.303                 1.09         80
      1          0               0        383      18288      3.621          90.700                  1.1        100
      1          0               0        383      21775      4.379         108.535                 1.11        120
      1          0               0        382      26277      5.204         125.220                 1.12        140
      1          0               0        382      30491      5.964         139.877                 1.15        160
      1          0               0        382      34205      6.782         156.848                 1.15        180
      1          0               0        402      38483      7.979         172.861                 1.16        200
      1          0               0        341       4401      0.670          19.314                 1.04         20
      1          0               0        341       7590      1.297          38.774                 1.03         40
      1          0               0        341      10925      1.920          57.384                 1.05         60
      1          0               0        382      14235      2.873          74.827                 1.07         80
      1          0               0        397      17428      3.744          93.053                 1.08        100
      1          0               0        397      21676      4.543         110.171                 1.09        120
      1          0               0        397      26205      5.400         126.202                 1.11        140
      1          0               0        397      30047      6.038         142.469                 1.13        160
      1          0               0        397      34204      6.922         159.899                 1.13        180
      1          0               0        396      38210      7.978         174.485                 1.15        200
      1          0               0        310       3444      1.065          19.865                 1.01         20
      1          0               0        360       7972      2.158          38.386                 1.04         40
      1          0               0        376      11458      3.133          57.104                 1.05         60
      1          0               0        375      15515      3.007          74.317                 1.08         80
      1          0               0        376      19996      3.544          90.774                  1.1        100
      1          0               0        376      23451      4.266         108.620                 1.11        120
      1          0               0        401      28085      6.931         125.606                 1.12        140
      1          0               0        400      31994      6.135         141.678                 1.13        160
      1          0               0        400      35896      6.935         158.650                 1.14        180
      1          0               0        401      39478      8.274         173.090                 1.16        200
      1          0               0        379       3623      0.804          19.902                 1.01         20
      1          0               0        379       7521      2.397          39.269                 1.02         40
      1          0               0        380      11384      3.248          58.111                 1.03         60
      1          0               0        398      15856      2.923          76.676                 1.05         80
      1          0               0        398      20071      3.690          95.221                 1.05        100
      1          0               0        398      24034      4.479         112.291                 1.07        120
      1          0               0        396      27745      5.260         129.664                 1.08        140
      1          0               0        397      32724      6.131         143.305                 1.12        160
      1          0               0        396      36511      6.848         160.422                 1.13        180
      1          0               0        397      41509      7.702         175.123                 1.15        200
      1          0               0        324       3535      0.587          19.910                  1.0         20
      1          0               0        323       6891      1.156          38.607                 1.04         40
      1          0               0        348      10042      1.917          57.632                 1.04         60
      1          0               0        354      14207      2.623          75.989                 1.05         80
      1          0               0        386      18492      3.566          93.435                 1.07        100
      1          0               0        387      23228      4.272         109.535                  1.1        120
      1          0               0        386      26753      5.032         126.443                 1.11        140
      1          0               0        386      29998      7.691         142.964                 1.12        160
      1          0               0        386      34422     11.172         159.852                 1.13        180
      1          0               0        386      38434      7.557         176.057                 1.14        200
      1          0               0        360       3509      0.654          19.828                 1.01         20
      1          0               0        360       6716      1.311          39.319                 1.02         40
      1          0               0        360      10153      1.979          57.950                 1.04         60
      1          0               0        359      13375      2.650          75.591                 1.06         80
      1          0               0        360      16803      3.271          93.331                 1.07        100
      1          0               0        360      20357      4.074         110.853                 1.09        120
      1          0               0        361      24970      4.819         126.925                 1.11        140
      1          0               0        369      28988      6.126         142.005                 1.13        160
      1          0               0        369      33240      6.785         157.867                 1.15        180
      1          0               0        386      37131      7.576         173.850                 1.16        200
      1          0               0        325       3729      0.627          19.772                 1.01         20
      1          0               0        325       7094      1.208          39.465                 1.01         40
      1          0               0        325      10339      1.808          58.031                 1.04         60
      1          0               0        325      13871      2.447          76.092                 1.05         80
      1          0               0        341      18453      3.207          91.718                 1.09        100
      1          0               0        341      21633      3.875         108.378                 1.11        120
      1          0               0        360      26023      4.865         124.767                 1.12        140
      1          0               0        366      30332      5.693         139.787                 1.15        160
      1          0               0        366      35160      6.554         155.842                 1.16        180
      1          0               0        367      39762      7.259         170.643                 1.18        200
      1          0               0        352       2504      0.677          19.770                 1.01         20
      1          0               0        352       6222      1.699          38.952                 1.03         40
      1          0               0        392      10751      2.259          58.092                 1.03         60
      1          0               0        392      14749      2.976          76.365                 1.05         80
      1          0               0        395      18618      3.726          94.127                 1.06        100
      1          0               0        398      22711      4.907         111.050                 1.08        120
      1          0               0        395      26216      7.088         128.559                 1.09        140
      1          0               0        395      30699      7.164         145.299                 1.11        160
      1          0               0        395      34199      7.451         161.453                 1.12        180
      1          0               0        398      39001      7.759         175.284                 1.15        200
      1          0               0        314       2775      0.602          19.914                  1.0         20
      1          0               0        363       7512      1.325          39.488                 1.01         40
      1          0               0        363      11769      2.048          57.375                 1.05         60
      1          0               0        389      15896      3.050          74.666                 1.07         80
      1          0               0        388      19301      3.693          92.433                 1.08        100
      1          0               0        389      23918      4.401         110.247                 1.09        120
      1          0               0        388      27733      5.175         127.866                  1.1        140
      1          0               0        389      32501      5.845         143.735                 1.12        160
      1          0               0        402      36796      7.009         159.940                 1.13        180
      1          0               0        401      40940      7.780         176.297                 1.14        200
      1          0               0        321       3672      0.633          18.564                 1.08         20
      1          0               0        321       7441      1.231          37.826                 1.06         40
      1          0               0        378      11089      2.126          56.534                 1.06         60
      1          0               0        378      15118      2.871          74.497                 1.08         80
      1          0               0        386      19197      3.671          92.003                 1.09        100
      1          0               0        384      22766      4.435         109.112                  1.1        120
      1          0               0        382      26127      5.281         126.599                 1.11        140
      1          0               0        406      30577      6.387         142.505                 1.13        160
      1          0               0        406      33946      7.034         159.833                 1.13        180
      1          0               0        406      37889      7.943         174.764                 1.15        200
      1          0               0        294       3201      0.562          19.827                 1.01         20
      1          0               0        346       6441      1.295          38.442                 1.04         40
      1          0               0        355      10173      1.981          57.608                 1.04         60
      1          0               0        355      13029      2.671          75.685                 1.06         80
      1          0               0        374      17395      3.497          94.316                 1.06        100
      1          0               0        402      22140      4.515         111.841                 1.08        120
      1          0               0        402      26459      5.385         129.067                 1.09        140
      1          0               0        401      30423      6.185         144.623                 1.11        160
      1          0               0        401      34557      6.998         160.938                 1.12        180
      1          0               0        399      39109      7.896         177.436                 1.13        200
      1          0               0        300       3469      0.620          19.867                 1.01         20
      1          0               0        346       6759      1.269          39.205                 1.02         40
      1          0               0        347      10959      1.914          57.749                 1.04         60
      1          0               0        355      15075      2.649          75.180                 1.07         80
      1          0               0        355      18772      3.308          93.397                 1.07        100
      1          0               0        355      22483      4.029         110.254                 1.09        120
      1          0               0        381      26079      5.088         128.428                 1.09        140
      1          0               0        381      29299      5.839         144.344                 1.11        160
      1          0               0        381      33241      6.613         160.000                 1.13        180
      1          0               0        380      37838      7.393         174.766                 1.15        200
      1          0               0        365       3521      1.232          19.918                  1.0         20
      1          0               0        365       7492      2.449          39.170                 1.02         40
      1          0               0        365      10621      3.667          58.189                 1.03         60
      1          0               0        364      14793      3.784          76.758                 1.04         80
      1          0               0        364      18311      3.379          94.566                 1.06        100
      1          0               0        364      22087      4.092         110.964                 1.08        120
      1          0               0        389      26669      5.151         127.584                  1.1        140
      1          0               0        389      30410      5.908         143.859                 1.12        160
      1          0               0        389      34050      6.702         159.864                 1.13        180
      1          0               0        388      38727      7.611         173.704                 1.16        200
      1          0               0        351       4201      1.195          19.880                 1.01         20
      1          0               0        356       8212      2.337          39.079                 1.02         40
      1          0               0        356      12833      3.530          57.461                 1.05         60
      1          0               0        356      17672      4.761          75.188                 1.07         80
      1          0               0        356      22102      6.031          91.680                 1.09        100
      1          0               0        355      25515      7.204         109.251                  1.1        120
      1          0               0        358      29500      7.615         125.288                 1.12        140
      1          0               0        372      33745     10.320         141.567                 1.14        160
      1          0               0        372      38202     11.687         156.737                 1.15        180
      1          0               0        372      42401     13.074         172.516                 1.17        200
      1          0               0        324       3509      1.083          19.778                 1.01         20
      1          0               0        324       6754      2.135          39.543                 1.01         40
      1          0               0        329      10177      3.244          58.292                 1.03         60
      1          0               0        361      14546      4.749          76.064                 1.05         80
      1          0               0        360      18105      5.886          94.153                 1.06        100
      1          0               0        361      22214      4.456         111.723                 1.08        120
      1          0               0        363      25923      5.528         128.749                 1.09        140
      1          0               0        362      29620      5.531         145.533                  1.1        160
      1          0               0        362      33153     10.249         161.193                 1.12        180
      1          0               0        363      37833      7.719         175.325                 1.14        200
      1          0               0        360       3663      0.700          19.819                 1.01         20
      1          0               0        360       7529      1.374          39.036                 1.03         40
      1          0               0        360      11158      2.062          57.664                 1.04         60
      1          0               0        360      14401      2.718          76.125                 1.05         80
      1          0               0        366      18687      4.244          93.948                 1.07        100
      1          0               0        366      22706      4.325         110.689                 1.09        120
      1          0               0        366      26230      5.377         126.699                 1.11        140
      1          0               0        366      29572      5.838         142.639                 1.13        160
      1          0               0        367      33417      6.730         157.842                 1.15        180
      1          0               0        367      37422      7.597         172.234                 1.17        200
      1          0               0        355       4566      1.053          19.332                 1.04         20
      1          0               0        356       7897      1.769          38.910                 1.03         40
      1          0               0        356      11876      1.993          57.744                 1.04         60
      1          0               0        355      15305      2.666          76.490                 1.05         80
      1          0               0        355      19132      3.298          95.107                 1.05        100
      1          0               0        355      22820      4.660         112.313                 1.07        120
      1          0               0        357      25854      4.807         128.120                  1.1        140
      1          0               0        356      29412      5.447         144.396                 1.11        160
      1          0               0        356      33627      6.215         159.469                 1.13        180
      1          0               0        364      38076      7.128         174.473                 1.15        200
      1          0               0        334       2706      1.069          19.344                 1.03         20
      1          0               0        383       6984      2.432          38.966                 1.03         40
      1          0               0        383       9808      2.557          57.843                 1.04         60
      1          0               0        383      12994      2.819          75.381                 1.06         80
      1          0               0        388      17407      4.501          93.314                 1.07        100
      1          0               0        388      21150      4.876         110.464                 1.09        120
      1          0               0        388      25210      5.272         127.830                  1.1        140
      1          0               0        388      28857      6.046         145.670                  1.1        160
      1          0               0        390      32153      6.777         161.903                 1.11        180
      1          0               0        390      35699      7.504         177.431                 1.13        200
      1          0               0        343       3802      0.652          19.621                 1.02         20
      1          0               0        378       8064      1.436          39.114                 1.02         40
      1          0               0        378      11812      2.136          57.574                 1.04         60
      1          0               0        378      16284      2.896          75.302                 1.06         80
      1          0               0        378      19967      3.672          92.222                 1.09        100
      1          0               0        378      24191      4.282         108.032                 1.11        120
      1          0               0        380      28479      5.220         124.092                 1.13        140
      1          0               0        378      32296      5.927         139.963                 1.15        160
      1          0               0        379      36390      6.829         154.887                 1.17        180
      1          0               0        380      40735      7.606         169.458                 1.19        200
      1          0               0        361       3186      1.164          19.681                 1.02         20
      1          0               0        362       7120      2.314          39.094                 1.02         40
      1          0               0        364      10845      3.512          56.489                 1.06         60
      1          0               0        363      14831      4.568          74.700                 1.07         80
      1          0               0        369      19005      5.867          92.220                 1.09        100
      1          0               0        369      22330      7.061         109.425                  1.1        120
      1          0               0        392      25724      7.408         126.253                 1.11        140
      1          0               0        392      29935      6.076         141.526                 1.13        160
      1          0               0        392      34285      6.766         158.107                 1.14        180
      1          0               0        391      38201      7.616         175.156                 1.14        200
      1          0               0        311       3895      0.597          19.723                 1.01         20
      1          0               0        333       6924      1.241          39.243                 1.02         40
      1          0               0        355      10979      1.966          58.208                 1.03         60
      1          0               0        361      15022      2.677          76.161                 1.05         80
      1          0               0        361      18910      3.391          93.765                 1.07        100
      1          0               0        360      22665      4.609         110.458                 1.09        120
      1          0               0        362      26877      4.806         127.768                  1.1        140
      1          0               0        361      30831      6.329         142.986                 1.12        160
      1          0               0        358      34758      6.617         158.648                 1.14        180
      1          0               0        380      39481      8.203         174.824                 1.15        200
      1          0               0        356       3989      0.671          19.514                 1.03         20
      1          0               0        357       7399      1.344          38.868                 1.03         40
      1          0               0        356      11197      2.018          56.972                 1.05         60
      1          0               0        379      15424      2.935          74.179                 1.08         80
      1          0               0        379      20122      3.588          91.515                 1.09        100
      1          0               0        385      24122      4.441         107.481                 1.12        120
      1          0               0        386      27685      5.266         125.054                 1.12        140
      1          0               0        387      31393      5.972         140.287                 1.14        160
      1          0               0        387      35378      6.695         155.866                 1.16        180
      1          0               0        385      39344      7.642         169.953                 1.18        200
      1          0               0        357       3607      0.709          19.569                 1.02         20
      1          0               0        357       5954      1.285          38.367                 1.04         40
      1          0               0        357       9472      1.970          56.174                 1.07         60
      1          0               0        357      14281      2.664          74.602                 1.07         80
      1          0               0        357      18273      3.362          91.230                  1.1        100
      1          0               0        357      23257      4.094         108.235                 1.11        120
      1          0               0        357      27220      4.860         123.952                 1.13        140
      1          0               0        357      30589      5.573         140.552                 1.14        160
      1          0               0        410      35256      7.100         157.707                 1.15        180
      1          0               0        410      38966      7.868         172.885                 1.16        200
      1          0               0        397       3615      2.322          19.864                 1.01         20
      1          0               0        396       7698      1.485          39.066                 1.02         40
      1          0               0        396      11864      2.225          56.561                 1.06         60
      1          0               0        396      16114      2.973          74.146                 1.08         80
      1          0               0        396      20270      3.669          91.323                  1.1        100
      1          0               0        396      24212      4.526         108.664                 1.11        120
      1          0               0        396      28918      5.414         124.270                 1.13        140
      1          0               0        400      33453      6.262         140.955                 1.14        160
      1          0               0        401      38211      7.046         155.970                 1.16        180
      1          0               0        397      42406      7.873         171.116                 1.17        200
      1          0               0        312       3071      0.585          19.846                 1.01         20
      1          0               0        312       6743      1.162          39.266                 1.02         40
      1          0               0        333      10320      1.860          58.030                 1.04         60
      1          0               0        394      15605      2.860          75.660                 1.06         80
      1          0               0        393      19076      3.636          93.888                 1.07        100
      1          0               0        394      22977      4.539         111.383                 1.08        120
      1          0               0        394      27154      5.261         126.904                 1.11        140
      1          0               0        394      31394      6.062         142.140                 1.13        160
      1          0               0        394      35812      6.798         157.695                 1.15        180
      1          0               0        393      40782      7.810         172.372                 1.17        200
      1          0               0        329       3527      0.627          19.502                 1.03         20
      1          0               0        370       7767      1.406          38.089                 1.05         40
      1          0               0        416      11948      2.354          56.481                 1.06         60
      1          0               0        416      14788      3.118          74.498                 1.07         80
      1          0               0        416      19188      3.940          91.399                  1.1        100
      1          0               0        416      23517      4.828         107.750                 1.12        120
      1          0               0        416      28454      5.658         122.007                 1.15        140
      1          0               0        416      32517      6.571         138.050                 1.16        160
      1          0               0        416      37582      7.479         152.911                 1.18        180
      1          0               0        416      42747      8.364         166.894                 1.21        200
      1          0               0        354       4331      0.704          19.675                 1.02         20
      1          0               0        382       8380      1.451          38.361                 1.04         40
      1          0               0        382      12147      2.204          56.246                 1.07         60
      1          0               0        389      16365      2.963          73.614                 1.09         80
      1          0               0        389      20468      3.739          90.488                 1.11        100
      1          0               0        389      24467      4.523         107.131                 1.12        120
      1          0               0        390      28407      5.357         124.795                 1.13        140
      1          0               0        388      32278      6.060         141.054                 1.14        160
      1          0               0        388      35926      6.898         157.098                 1.15        180
      1          0               0        391      39208      7.709         172.862                 1.17        200
      1          0               0        381       3992      0.728          19.879                 1.01         20
      1          0               0        390       8023      1.520          39.049                 1.03         40
      1          0               0        390      11777      2.240          58.123                 1.03         60
      1          0               0        390      15539      2.925          76.772                 1.04         80
      1          0               0        391      18759      3.677          94.399                 1.06        100
      1          0               0        391      22629      4.461         113.000                 1.06        120
      1          0               0        391      27050      5.347         128.895                 1.09        140
      1          0               0        390      31586      6.163         144.995                 1.11        160
      1          0               0        390      35669      6.851         160.315                 1.13        180
      1          0               0        391      39363      7.677         174.141                 1.15        200
      1          0               0        292       3080      0.646          19.757                 1.01         20
      1          0               0        369       6459      1.374          38.973                 1.03         40
      1          0               0        369       9886      2.024          56.916                 1.06         60
      1          0               0        369      14296      2.765          75.008                 1.07         80
      1          0               0        368      18222      3.484          92.677                 1.08        100
      1          0               0        368      22403      4.222         109.522                  1.1        120
      1          0               0        387      26813      5.165         126.977                 1.11        140
      1          0               0        387      31036      5.870         141.842                 1.13        160
      1          0               0        387      35322      6.775         156.951                 1.15        180
      1          0               0        387      39353      7.744         170.879                 1.17        200
      1          0               0        332       4211      0.662          19.572                 1.02         20
      1          0               0        373       7850      1.446          38.029                 1.05         40
      1          0               0        382      12821      2.217          56.031                 1.07         60
      1          0               0        382      15944      2.895          74.204                 1.08         80
      1          0               0        381      19249      3.581          92.680                 1.08        100
      1          0               0        382      23541      4.380         109.207                  1.1        120
      1          0               0        381      26681      5.166         126.336                 1.11        140
      1          0               0        382      31015      5.965         141.712                 1.13        160
      1          0               0        381      34560      6.660         158.832                 1.14        180
      1          0               0        380      38805      7.473         173.076                 1.16        200
      1          0               0        326       3327      0.619          19.837                 1.01         20
      1          0               0        326       7034      1.222          38.908                 1.03         40
      1          0               0        326      10836      1.826          57.718                 1.04         60
      1          0               0        326      14548      2.530          74.831                 1.07         80
      1          0               0        356      18038      3.412          91.421                  1.1        100
      1          0               0        357      22097      4.083         108.779                 1.11        120
      1          0               0        357      25903      4.851         126.241                 1.11        140
      1          0               0        357      29653      5.542         141.989                 1.13        160
      1          0               0        357      33196      6.344         156.711                 1.15        180
      1          0               0        373      37518      7.424         172.322                 1.17        200
      1          0               0        403       3768      1.315          19.886                 1.01         20
      1          0               0        403       7630      2.553          38.442                 1.04         40
      1          0               0        403      11719      2.992          56.859                 1.06         60
      1          0               0        403      15277      5.325          75.690                 1.06         80
      1          0               0        403      19836      6.786          93.707                 1.07        100
      1          0               0        403      23665      8.231         110.052                  1.1        120
      1          0               0        405      28348      9.815         125.770                 1.12        140
      1          0               0        401      32532      8.976         140.030                 1.15        160
      1          0               0        401      36372      8.324         155.200                 1.17        180
      1          0               0        402      40730     12.036         169.119                 1.19        200
      1          0               0        328       3591      0.635          19.854                 1.01         20
      1          0               0        341       7125      1.286          38.927                 1.03         40
      1          0               0        382      11149      2.171          57.874                 1.04         60
      1          0               0        382      15582      2.912          75.136                 1.07         80
      1          0               0        381      19593      3.655          91.470                  1.1        100
      1          0               0        381      23739      4.450         107.682                 1.12        120
      1          0               0        382      27538      5.208         124.720                 1.13        140
      1          0               0        382      31618      5.918         140.817                 1.14        160
      1          0               0        382      35889      6.731         155.560                 1.16        180
      1          0               0        383      39626      7.552         170.854                 1.18        200
      1          0               0        361       3783      0.653          19.751                 1.01         20
      1          0               0        407       7773      1.485          38.101                 1.05         40
      1          0               0        407      11528      3.308          56.673                 1.06         60
      1          0               0        407      15245      3.189          74.194                 1.08         80
      1          0               0        407      18919      4.116          91.941                 1.09        100
      1          0               0        407      23332      5.200         109.049                  1.1        120
      1          0               0        408      27646      5.607         126.586                 1.11        140
      1          0               0        407      31679      6.714         143.000                 1.12        160
      1          0               0        407      35801      7.199         159.506                 1.13        180
      1          0               0        407      39334      8.854         175.951                 1.14        200
      1          0               0        348       3812      0.667          19.862                 1.01         20
      1          0               0        348       7546      1.342          39.017                 1.03         40
      1          0               0        348      10380      1.989          57.514                 1.04         60
      1          0               0        348      13707      2.683          76.210                 1.05         80
      1          0               0        356      17693      3.335          93.461                 1.07        100
      1          0               0        356      21253      4.046         110.534                 1.09        120
      1          0               0        356      25377      4.754         126.351                 1.11        140
      1          0               0        356      29675      5.572         142.691                 1.12        160
      1          0               0        356      33577      6.289         156.562                 1.15        180
      1          0               0        368      38368      7.378         171.340                 1.17        200
      1          0               0        426       3725      0.807          19.793                 1.01         20
      1          0               0        426       8488      1.621          38.779                 1.03         40
      1          0               0        426      12603      2.470          57.798                 1.04         60
      1          0               0        426      16367      3.264          75.582                 1.06         80
      1          0               0        426      20661      4.031          94.329                 1.06        100
      1          0               0        425      25077      4.826         112.000                 1.07        120
      1          0               0        425      29891      5.735         128.153                  1.1        140
      1          0               0        425      34504      6.612         142.438                 1.13        160
      1          0               0        425      38494      7.729         159.379                 1.13        180
      1          0               0        425      43072      8.237         173.816                 1.16        200
      1          0               0        384       3688      0.733          19.471                 1.03         20
      1          0               0        384       7584      1.441          38.018                 1.05         40
      1          0               0        385      11189      2.185          56.538                 1.06         60
      1          0               0        384      15513      2.926          74.289                 1.08         80
      1          0               0        384      19928      3.672          91.641                  1.1        100
      1          0               0        385      23696      4.470         109.917                  1.1        120
      1          0               0        385      27784      5.250         125.740                 1.12        140
      1          0               0        384      32359      6.043         141.518                 1.14        160
      1          0               0        381      36908      6.876         153.682                 1.18        180
      1          0               0        386      41470      7.841         168.041                  1.2        200
      1          0               0        346       4131      0.651          19.211                 1.04         20
      1          0               0        347       7844      1.276          38.184                 1.05         40
      1          0               0        369      11597      2.071          57.225                 1.05         60
      1          0               0        370      16295      2.858          74.741                 1.07         80
      1          0               0        370      20502      3.573          91.554                  1.1        100
      1          0               0        373      24696      4.254         107.097                 1.13        120
      1          0               0        370      29088      5.066         123.557                 1.14        140
      1          0               0        370      33107      5.969         140.062                 1.15        160
      1          0               0        373      36963      6.662         155.083                 1.17        180
      1          0               0        374      40665      7.567         168.369                  1.2        200
      1          0               0        386       4059      0.742          19.847                 1.01         20
      1          0               0        385       7865      1.453          38.686                 1.03         40
      1          0               0        385      11084      2.143          57.725                 1.04         60
      1          0               0        385      15175      2.907          75.532                 1.06         80
      1          0               0        385      18842      3.678          91.808                 1.09        100
      1          0               0        385      22422      4.380         108.112                 1.11        120
      1          0               0        385      26539      5.259         123.545                 1.14        140
      1          0               0        385      30882      6.074         140.556                 1.14        160
      1          0               0        385      35236      6.929         155.597                 1.16        180
      1          0               0        384      39290      7.723         168.333                 1.19        200
      1          0               0        337       3634      0.652          19.822                 1.01         20
      1          0               0        337       7052      1.298          38.736                 1.03         40
      1          0               0        368      10898      1.982          57.815                 1.04         60
      1          0               0        369      14845      2.724          75.881                 1.05         80
      1          0               0        367      18680      3.475          92.354                 1.08        100
      1          0               0        372      23045      4.265         108.583                 1.11        120
      1          0               0        371      26594      5.093         125.965                 1.11        140
      1          0               0        372      30532      5.866         141.645                 1.13        160
      1          0               0        372      34038      6.635         156.758                 1.15        180
      1          0               0        384      38247      7.672         170.250                 1.18        200
      1          0               0        330       3713      1.107          18.615                 1.08         20
      1          0               0        355       7901      2.458          36.932                 1.08         40
      1          0               0        355      11024      3.640          55.735                 1.08         60
      1          0               0        355      14866      4.729          74.304                 1.08         80
      1          0               0        355      18296      5.818          91.499                 1.09        100
      1          0               0        386      21840      5.111         110.036                 1.09        120
      1          0               0        387      26353      5.304         127.134                  1.1        140
      1          0               0        386      30003      6.042         143.124                 1.12        160
      1          0               0        387      33162      6.704         160.434                 1.12        180
      1          0               0        386      36661      7.797         175.106                 1.14        200
      1          0               0        381       3676      0.765          19.667                 1.02         20
      1          0               0        381       7928      1.417          38.945                 1.03         40
      1          0               0        381      11063      2.472          57.882                 1.04         60
      1          0               0        381      15489      4.830          75.963                 1.05         80
      1          0               0        381      19367      6.014          94.231                 1.06        100
      1          0               0        381      23932      7.409         110.887                 1.09        120
      1          0               0        381      27623      8.641         127.236                  1.1        140
      1          0               0        380      31937      9.982         143.426                 1.12        160
      1          0               0        380      36108     11.508         158.929                 1.14        180
      1          0               0        380      40281     12.845         174.592                 1.15        200
      1          0               0        349       3757      0.661          19.880                 1.01         20
      1          0               0        372       7615      1.393          38.914                 1.03         40
      1          0               0        372      11159      2.099          56.043                 1.07         60
      1          0               0        399      15467      2.971          74.524                 1.07         80
      1          0               0        400      18893      3.813          92.485                 1.08        100
      1          0               0        399      23265      4.847         108.807                  1.1        120
      1          0               0        397      26416      5.293         125.635                 1.12        140
      1          0               0        403      31043      6.231         142.680                 1.12        160
      1          0               0        403      35447      6.945         158.970                 1.14        180
      1          0               0        402      39537      7.837         173.746                 1.16        200
      1          0               0        324       3269      0.617          19.525                 1.03         20
      1          0               0        354       7006      1.286          39.051                 1.02         40
      1          0               0        354      11445      1.967          57.158                 1.05         60
      1          0               0        355      15692      4.827          75.823                 1.06         80
      1          0               0        355      19683      5.029          93.462                 1.07        100
      1          0               0        355      23055      3.973         109.969                 1.09        120
      1          0               0        355      26204      4.724         127.555                  1.1        140
      1          0               0        354      30615      5.511         144.093                 1.11        160
      1          0               0        352      33964      6.142         160.716                 1.12        180
      1          0               0        354      38618      6.923         174.345                 1.15        200
      1          0               0        413       4083      0.785          19.860                 1.01         20
      1          0               0        412       7710      1.541          38.580                 1.04         40
      1          0               0        412      11643      2.476          57.141                 1.05         60
      1          0               0        412      14768      3.138          75.641                 1.06         80
      1          0               0        412      18727      3.854          93.522                 1.07        100
      1          0               0        412      22531      4.676         109.422                  1.1        120
      1          0               0        412      26355      5.514         127.012                  1.1        140
      1          0               0        412      29765      6.364         142.024                 1.13        160
      1          0               0        411      34626      7.211         156.457                 1.15        180
      1          0               0        411      38165      8.035         172.781                 1.16        200
      1          0               0        285       3152      0.582          19.916                  1.0         20
      1          0               0        342       7153      1.243          39.591                 1.01         40
      1          0               0        344      11371      1.930          57.692                 1.04         60
      1          0               0        344      15422      2.627          75.352                 1.06         80
      1          0               0        342      19318      3.232          91.807                 1.09        100
      1          0               0        361      23201      4.129         108.975                 1.11        120
      1          0               0        360      26773      4.810         126.036                 1.12        140
      1          0               0        362      30952      5.647         142.320                 1.13        160
      1          0               0        361      34718      6.277         158.612                 1.14        180
      1          0               0        361      39277      7.218         172.773                 1.16        200
      1          0               0        255       2751      0.473          19.863                 1.01         20
      1          0               0        338       6194      1.200          39.189                 1.02         40
      1          0               0        338       9341      1.847          58.544                 1.03         60
      1          0               0        360      12645      3.114          77.286                 1.04         80
      1          0               0        360      16502      3.352          95.489                 1.05        100
      1          0               0        359      20439      3.885         113.123                 1.06        120
      1          0               0        359      23875      4.719         129.858                 1.08        140
      1          0               0        368      28311      5.522         144.924                 1.11        160
      1          0               0        368      31921      6.396         160.660                 1.13        180
      1          0               0        369      36006      7.173         176.545                 1.14        200
      1          0               0        296       2854      0.564          19.875                 1.01         20
      1          0               0        344       6868      1.316          38.049                 1.05         40
      1          0               0        347      11950      1.955          55.795                 1.08         60
      1          0               0        356      15981      2.658          73.081                  1.1         80
      1          0               0        355      19958      3.415          88.777                 1.13        100
      1          0               0        356      23756      4.133         106.390                 1.13        120
      1          0               0        356      27763      4.933         122.649                 1.15        140
      1          0               0        362      31437      5.793         138.550                 1.16        160
      1          0               0        385      35548      6.889         153.860                 1.18        180
      1          0               0        393      39147      7.965         169.061                 1.19        200
      1          0               0        310       3590      0.681          19.813                 1.01         20
      1          0               0        369       7895      1.389          39.472                 1.01         40
      1          0               0        369      12248      2.083          58.138                 1.03         60
      1          0               0        368      16176      2.802          76.068                 1.05         80
      1          0               0        368      19068      3.492          93.845                 1.07        100
      1          0               0        369      22663      4.234         111.488                 1.08        120
      1          0               0        367      27631      4.998         127.019                  1.1        140
      1          0               0        367      31349      5.736         143.134                 1.12        160
      1          0               0        369      36059      6.510         159.117                 1.13        180
      1          0               0        367      39956      7.214         173.183                 1.16        200
      1          0               0        375       3227      0.679          19.899                 1.01         20
      1          0               0        408       7244      1.511          39.346                 1.02         40
      1          0               0        408      11164      2.248          57.787                 1.04         60
      1          0               0        408      15236      3.056          76.782                 1.04         80
      1          0               0        408      19936      3.837          94.625                 1.06        100
      1          0               0        408      23696      4.570         110.799                 1.08        120
      1          0               0        407      27388      5.454         128.356                 1.09        140
      1          0               0        407      30778      6.207         145.428                  1.1        160
      1          0               0        406      34557      6.899         158.547                 1.14        180
      1          0               0        406      39557      9.060         173.192                 1.16        200
      1          0               0        415       3375      1.317          19.227                 1.04         20
      1          0               0        414       7479      2.590          37.768                 1.06         40
      1          0               0        414      11239      3.873          56.343                 1.07         60
      1          0               0        414      15736      3.967          73.377                 1.09         80
      1          0               0        414      20092      6.149          89.833                 1.12        100
      1          0               0        414      23435      4.936         108.017                 1.11        120
      1          0               0        414      27990      6.596         124.969                 1.12        140
      1          0               0        412      31606     11.410         142.340                 1.13        160
      1          0               0        414      35879      7.601         158.541                 1.14        180
      1          0               0        413      40420      8.167         174.203                 1.15        200
      1          0               0        299       3673      0.569          19.649                 1.02         20
      1          0               0        391       8388      1.521          38.913                 1.03         40
      1          0               0        393      11731      2.510          57.331                 1.05         60
      1          0               0        393      15280      2.947          74.847                 1.07         80
      1          0               0        393      19722      3.726          90.471                 1.11        100
      1          0               0        393      23907      4.522         106.858                 1.13        120
      1          0               0        393      28071      5.359         123.463                 1.14        140
      1          0               0        393      32021      6.159         139.929                 1.15        160
      1          0               0        394      36470      6.858         155.830                 1.16        180
      1          0               0        393      40917      7.686         169.359                 1.19        200
      1          0               0        327       2870      1.090          19.847                 1.01         20
      1          0               0        328       6248      2.142          39.345                 1.02         40
      1          0               0        383      10562      3.656          57.783                 1.04         60
      1          0               0        400      14689      3.482          76.157                 1.05         80
      1          0               0        400      19247      3.801          93.547                 1.07        100
      1          0               0        399      23559      5.364         110.980                 1.08        120
      1          0               0        400      27943      5.808         127.802                  1.1        140
      1          0               0        400      31115      6.266         144.110                 1.11        160
      1          0               0        400      35908      7.115         158.755                 1.14        180
